,mass A,,,
t,x,y,θr,
0.000000e0,1.794097e-1,6.825547e2,8.998494e1
1.668151e-2,1.674136e-1,6.825886e2,8.998595e1
3.336302e-2,1.557704e-1,6.826213e2,8.998693e1
5.004452e-2,1.517628e-1,6.826290e2,8.998726e1
6.672603e-2,1.362922e-1,6.826841e2,8.998856e1
8.340754e-2,1.393071e-1,6.826334e2,8.998831e1
1.000890e-1,1.652833e-1,6.825708e2,8.998613e1
1.167706e-1,1.588570e-1,6.826864e2,8.998667e1
1.334521e-1,1.595283e-1,6.825181e2,8.998661e1
1.501336e-1,1.622556e-1,6.826835e2,8.998638e1
1.668151e-1,1.664107e-1,6.826652e2,8.998603e1
1.834966e-1,3.056694e-1,6.826556e2,8.997434e1
2.001781e-1,1.967008e-1,6.826835e2,8.998349e1
2.168596e-1,1.514644e-1,6.826842e2,8.998729e1
2.335411e-1,2.511365e-1,6.824934e2,8.997892e1
2.502226e-1,1.832118e-1,6.825027e2,8.998462e1
2.669041e-1,3.248405e-1,6.824605e2,8.997273e1
2.835856e-1,2.426182e-1,6.825005e2,8.997963e1
3.002671e-1,1.795974e-1,6.825336e2,8.998492e1
3.169486e-1,1.849302e-1,6.824819e2,8.998447e1
3.336302e-1,1.889681e-1,6.824330e2,8.998413e1
3.503117e-1,2.116080e-1,6.824585e2,8.998223e1
3.669932e-1,2.334638e-1,6.824775e2,8.998040e1
3.836747e-1,2.286343e-1,6.824834e2,8.998081e1
4.003562e-1,2.096928e-1,6.824907e2,8.998240e1
4.170377e-1,1.979001e-1,6.825745e2,8.998339e1
4.337192e-1,1.967734e-1,6.825695e2,8.998348e1
4.504007e-1,2.049444e-1,6.825429e2,8.998280e1
4.670822e-1,1.760096e-1,6.825023e2,8.998522e1
4.837637e-1,3.065991e-1,6.824973e2,8.997426e1
5.004452e-1,2.204658e-1,6.825206e2,8.998149e1
5.171267e-1,2.072913e-1,6.825240e2,8.998260e1
5.338083e-1,1.970726e-1,6.825292e2,8.998346e1
5.504898e-1,1.979897e-1,6.825308e2,8.998338e1
5.671713e-1,1.990264e-1,6.825325e2,8.998329e1
5.838528e-1,2.022202e-1,6.825175e2,8.998302e1
6.005343e-1,2.174394e-1,6.825312e2,8.998175e1
6.172158e-1,2.250999e-1,6.825293e2,8.998110e1
6.338973e-1,2.318698e-1,6.825279e2,8.998054e1
6.505788e-1,2.292476e-1,6.825346e2,8.998076e1
6.672603e-1,2.427889e-1,6.825541e2,8.997962e1
6.839418e-1,2.443366e-1,6.825545e2,8.997949e1
7.006233e-1,2.476437e-1,6.825559e2,8.997921e1
7.173048e-1,2.339064e-1,6.825651e2,8.998037e1
7.339863e-1,2.366625e-1,6.825857e2,8.998013e1
7.506679e-1,2.357858e-1,6.825838e2,8.998021e1
7.673494e-1,2.350214e-1,6.825827e2,8.998027e1
7.840309e-1,2.329562e-1,6.825795e2,8.998045e1
8.007124e-1,2.314633e-1,6.825765e2,8.998057e1
8.173939e-1,2.320188e-1,6.825709e2,8.998052e1
8.340754e-1,2.329844e-1,6.825666e2,8.998044e1
8.507569e-1,2.370325e-1,6.825653e2,8.998010e1
8.674384e-1,2.415306e-1,6.825646e2,8.997973e1
8.841199e-1,2.519222e-1,6.825608e2,8.997885e1
9.008014e-1,2.605698e-1,6.825566e2,8.997813e1
9.174829e-1,2.522549e-1,6.825615e2,8.997883e1
9.341644e-1,2.514433e-1,6.825614e2,8.997889e1
9.508459e-1,2.502989e-1,6.825614e2,8.997899e1
9.675275e-1,2.492087e-1,6.825613e2,8.997908e1
9.842090e-1,2.564020e-1,6.825654e2,8.997848e1
1.000890e0,2.586720e-1,6.825663e2,8.997829e1
1.017572e0,2.569045e-1,6.825662e2,8.997843e1
1.034253e0,2.637718e-1,6.825675e2,8.997786e1
1.050935e0,2.610337e-1,6.825701e2,8.997809e1
1.067617e0,2.591435e-1,6.825716e2,8.997825e1
1.084298e0,2.572984e-1,6.825732e2,8.997840e1
1.100980e0,2.555648e-1,6.825752e2,8.997855e1
1.117661e0,2.566870e-1,6.825901e2,8.997845e1
1.134343e0,2.528632e-1,6.825952e2,8.997878e1
1.151024e0,2.345082e-1,6.827411e2,8.998032e1
1.167706e0,2.596200e-1,6.826323e2,8.997821e1
1.184387e0,2.561407e-1,6.826312e2,8.997850e1
1.201069e0,2.542513e-1,6.826284e2,8.997866e1
1.217750e0,2.572690e-1,6.825904e2,8.997841e1
1.234432e0,2.547658e-1,6.825915e2,8.997862e1
1.251113e0,2.479585e-1,6.825845e2,8.997919e1
1.267795e0,2.421245e-1,6.825794e2,8.997968e1
1.284476e0,2.364106e-1,6.825364e2,8.998015e1
1.301158e0,2.301693e-1,6.826784e2,8.998068e1
1.317839e0,2.306698e-1,6.826676e2,8.998064e1
1.334521e0,2.301046e-1,6.826637e2,8.998069e1
1.351202e0,2.529747e-1,6.826246e2,8.997877e1
1.367884e0,2.741343e-1,6.825906e2,8.997699e1
1.384565e0,2.319170e-1,6.826445e2,8.998053e1
1.401247e0,2.358636e-1,6.826451e2,8.998020e1
1.417928e0,2.348824e-1,6.826433e2,8.998029e1
1.434610e0,2.402246e-1,6.826376e2,8.997984e1
1.451291e0,2.461211e-1,6.826452e2,8.997934e1
1.467973e0,2.496717e-1,6.826516e2,8.997904e1
1.484654e0,2.487558e-1,6.826530e2,8.997912e1
1.501336e0,2.611314e-1,6.826653e2,8.997808e1
1.518017e0,2.436161e-1,6.826539e2,8.997955e1
1.534699e0,2.423753e-1,6.826546e2,8.997966e1
1.551380e0,2.406976e-1,6.826546e2,8.997980e1
1.568062e0,2.393833e-1,6.826552e2,8.997991e1
1.584743e0,2.387757e-1,6.826525e2,8.997996e1
1.601425e0,2.385673e-1,6.826508e2,8.997998e1
1.618106e0,2.382562e-1,6.826493e2,8.998000e1
1.634788e0,2.381049e-1,6.826484e2,8.998002e1
1.651469e0,2.341937e-1,6.826431e2,8.998034e1
1.668151e0,2.312416e-1,6.826272e2,8.998059e1
1.684832e0,2.357422e-1,6.825996e2,8.998021e1
1.701514e0,2.382020e-1,6.825726e2,8.998001e1
1.718195e0,2.244385e-1,6.826151e2,8.998116e1
1.734877e0,2.273660e-1,6.826128e2,8.998092e1
1.751558e0,2.313869e-1,6.825943e2,8.998058e1
1.768240e0,2.360418e-1,6.825800e2,8.998019e1
1.784921e0,2.262798e-1,6.825905e2,8.998101e1
1.801603e0,2.174985e-1,6.825990e2,8.998174e1
1.818284e0,3.219317e-1,6.825670e2,8.997298e1
1.834966e0,9.952308e-1,6.825602e2,8.991646e1
1.851647e0,2.062060e0,6.825801e2,8.982691e1
1.868329e0,3.499848e0,6.825892e2,8.970623e1
1.885010e0,5.354085e0,6.825169e2,8.955055e1
1.901692e0,7.475272e0,6.824284e2,8.937241e1
1.918373e0,1.001916e1,6.824460e2,8.915889e1
1.935055e0,1.305378e1,6.824158e2,8.890414e1
1.951736e0,1.630674e1,6.822327e2,8.863078e1
1.968418e0,2.009561e1,6.820803e2,8.831243e1
1.985099e0,2.403953e1,6.819346e2,8.798105e1
2.001781e0,2.841660e1,6.817205e2,8.761308e1
2.018462e0,3.330513e1,6.814489e2,8.720195e1
2.035144e0,3.784550e1,6.812354e2,8.682025e1
2.051825e0,4.185423e1,6.809524e2,8.648278e1
2.068507e0,4.626963e1,6.806282e2,8.611097e1
2.085188e0,5.080893e1,6.802462e2,8.572840e1
2.101870e0,5.509419e1,6.797805e2,8.536647e1
2.118551e0,5.935602e1,6.794888e2,8.500766e1
2.135233e0,6.381637e1,6.790008e2,8.463079e1
2.151915e0,6.798590e1,6.785349e2,8.427834e1
2.168596e0,7.228972e1,6.780678e2,8.391461e1
2.185278e0,7.649804e1,6.776749e2,8.355954e1
2.201959e0,8.045854e1,6.772060e2,8.322448e1
2.218641e0,8.473984e1,6.765747e2,8.286098e1
2.235322e0,8.912501e1,6.759537e2,8.248883e1
2.252004e0,9.295915e1,6.754616e2,8.216400e1
2.268685e0,9.724316e1,6.747341e2,8.179896e1
2.285367e0,1.012878e2,6.742306e2,8.145650e1
2.302048e0,1.050587e2,6.734941e2,8.113385e1
2.318730e0,1.091242e2,6.727179e2,8.078608e1
2.335411e0,1.121375e2,6.722592e2,8.052986e1
2.352093e0,1.150641e2,6.717557e2,8.028021e1
2.368774e0,1.176237e2,6.713052e2,8.006172e1
2.385456e0,1.199203e2,6.708593e2,7.986507e1
2.402137e0,1.217280e2,6.704643e2,7.970960e1
2.418819e0,1.234098e2,6.704304e2,7.957001e1
2.435500e0,1.247007e2,6.702732e2,7.946093e1
2.452182e0,1.255520e2,6.699105e2,7.938499e1
2.468863e0,1.260783e2,6.698724e2,7.934092e1
2.485545e0,1.265874e2,6.696449e2,7.929532e1
2.502226e0,1.265293e2,6.696384e2,7.930001e1
2.518908e0,1.264899e2,6.696350e2,7.930322e1
2.535589e0,1.264599e2,6.696315e2,7.930564e1
2.552271e0,1.264335e2,6.696302e2,7.930781e1
2.568952e0,1.264133e2,6.696249e2,7.930939e1
2.585634e0,1.263975e2,6.696218e2,7.931065e1
2.602315e0,1.263844e2,6.696193e2,7.931169e1
2.618997e0,1.263746e2,6.696176e2,7.931247e1
2.635678e0,1.263668e2,6.696160e2,7.931309e1
2.652360e0,1.263549e2,6.696145e2,7.931405e1
2.669041e0,1.263495e2,6.696111e2,7.931445e1
2.685723e0,1.263451e2,6.696076e2,7.931475e1
2.702404e0,1.263425e2,6.696054e2,7.931493e1
2.719086e0,1.263410e2,6.696055e2,7.931506e1
2.735767e0,1.263399e2,6.696052e2,7.931514e1
2.752449e0,1.263393e2,6.696050e2,7.931519e1
2.769130e0,1.263398e2,6.696050e2,7.931515e1
2.785812e0,1.263348e2,6.696096e2,7.931563e1
2.802493e0,1.263333e2,6.696080e2,7.931574e1
2.819175e0,1.263311e2,6.696067e2,7.931590e1
2.835856e0,1.263291e2,6.696060e2,7.931605e1
2.852538e0,1.263271e2,6.696045e2,7.931619e1
2.869219e0,1.263268e2,6.696048e2,7.931622e1
2.885901e0,1.263265e2,6.696049e2,7.931625e1
2.902582e0,1.261127e2,6.696182e2,7.933412e1
2.919264e0,1.256085e2,6.697924e2,7.937849e1
2.935945e0,1.247264e2,6.699298e2,7.945352e1
2.952627e0,1.235302e2,6.702355e2,7.955709e1
2.969308e0,1.220343e2,6.703076e2,7.968190e1
2.985990e0,1.201701e2,6.706788e2,7.984172e1
3.002671e0,1.180348e2,6.711497e2,8.002542e1
3.019353e0,1.153476e2,6.715688e2,8.025406e1
3.036034e0,1.125062e2,6.721311e2,8.049751e1
3.052716e0,1.093679e2,6.727228e2,8.076593e1
3.069397e0,1.056846e2,6.732868e2,8.107918e1
3.086079e0,1.016551e2,6.739568e2,8.142255e1
3.102760e0,9.785825e1,6.745882e2,8.174604e1
3.119442e0,9.385272e1,6.753886e2,8.208878e1
3.136123e0,8.956756e1,6.760128e2,8.245262e1
3.152805e0,8.554206e1,6.764925e2,8.279323e1
3.169486e0,8.141867e1,6.770917e2,8.314324e1
3.186168e0,7.701831e1,6.776311e2,8.351569e1
3.202850e0,7.305032e1,6.781176e2,8.385151e1
3.219531e0,6.887208e1,6.786194e2,8.420498e1
3.236213e0,6.439450e1,6.789975e2,8.458241e1
3.252894e0,6.018912e1,6.794163e2,8.493741e1
3.269576e0,5.596970e1,6.797702e2,8.529310e1
3.286257e0,5.142590e1,6.804322e2,8.567790e1
3.302939e0,4.718212e1,6.805375e2,8.603399e1
3.319620e0,4.296910e1,6.808930e2,8.638902e1
3.336302e0,3.850170e1,6.812635e2,8.676536e1
3.352983e0,3.410378e1,6.815431e2,8.713536e1
3.369665e0,2.980567e1,6.816834e2,8.749641e1
3.386346e0,2.527221e1,6.818937e2,8.787749e1
3.403028e0,2.105581e1,6.821609e2,8.823205e1
3.419709e0,1.655665e1,6.823392e2,8.861002e1
3.436391e0,1.205764e1,6.825218e2,8.898790e1
3.453072e0,7.575912e0,6.825665e2,8.936409e1
3.469754e0,3.067900e0,6.826448e2,8.974251e1
3.486435e0,-1.615420e0,6.826944e2,9.013558e1
3.503117e0,-5.816340e0,6.826808e2,9.048814e1
3.519798e0,-1.036142e1,6.826688e2,9.086956e1
3.536480e0,-1.496503e1,6.826579e2,9.125582e1
3.553161e0,-1.935524e1,6.824641e2,9.162452e1
3.569843e0,-2.382638e1,6.824217e2,9.199964e1
3.586524e0,-2.829548e1,6.823690e2,9.237450e1
3.603206e0,-3.254171e1,6.821360e2,9.273126e1
3.619887e0,-3.709546e1,6.819826e2,9.311345e1
3.636569e0,-4.159109e1,6.816760e2,9.349146e1
3.653250e0,-4.580607e1,6.815656e2,9.384490e1
3.669932e0,-5.025073e1,6.811307e2,9.421938e1
3.686613e0,-5.479433e1,6.808320e2,9.460133e1
3.703295e0,-5.877693e1,6.805786e2,9.493600e1
3.719976e0,-6.295497e1,6.801186e2,9.528850e1
3.736658e0,-6.757201e1,6.797635e2,9.567685e1
3.753339e0,-7.156957e1,6.794635e2,9.601293e1
3.770021e0,-7.595102e1,6.789964e2,9.638245e1
3.786702e0,-8.003511e1,6.784664e2,9.672779e1
3.803384e0,-8.398559e1,6.780369e2,9.706102e1
3.820065e0,-8.814832e1,6.775213e2,9.741278e1
3.836747e0,-9.219421e1,6.770247e2,9.775459e1
3.853428e0,-9.588236e1,6.764841e2,9.806716e1
3.870110e0,-1.001097e2,6.759707e2,9.842414e1
3.886791e0,-1.040021e2,6.754543e2,9.875329e1
3.903473e0,-1.075936e2,6.748758e2,9.905827e1
3.920154e0,-1.107117e2,6.744023e2,9.932268e1
3.936836e0,-1.136175e2,6.738706e2,9.957031e1
3.953517e0,-1.159938e2,6.735777e2,9.977082e1
3.970199e0,-1.181287e2,6.731489e2,9.995330e1
3.986880e0,-1.202206e2,6.728950e2,1.001297e2
4.003562e0,-1.216103e2,6.725979e2,1.002487e2
4.020243e0,-1.228357e2,6.724043e2,1.003527e2
4.036925e0,-1.238319e2,6.722776e2,1.004368e2
4.053606e0,-1.242881e2,6.722539e2,1.004747e2
4.070288e0,-1.247128e2,6.721572e2,1.005112e2
4.086969e0,-1.247360e2,6.722098e2,1.005123e2
4.103651e0,-1.247497e2,6.722499e2,1.005128e2
4.120332e0,-1.247594e2,6.722829e2,1.005131e2
4.137014e0,-1.247671e2,6.723096e2,1.005133e2
4.153695e0,-1.247727e2,6.723307e2,1.005135e2
4.170377e0,-1.247284e2,6.723203e2,1.005100e2
4.187058e0,-1.247244e2,6.723202e2,1.005097e2
4.203740e0,-1.247488e2,6.723532e2,1.005112e2
4.220421e0,-1.247484e2,6.723553e2,1.005111e2
4.237103e0,-1.247472e2,6.723550e2,1.005110e2
4.253785e0,-1.247640e2,6.723686e2,1.005122e2
4.270466e0,-1.247773e2,6.723802e2,1.005131e2
4.287148e0,-1.247797e2,6.723849e2,1.005132e2
4.303829e0,-1.247821e2,6.723889e2,1.005134e2
4.320511e0,-1.247843e2,6.723923e2,1.005135e2
4.337192e0,-1.247856e2,6.723948e2,1.005136e2
4.353874e0,-1.247860e2,6.723956e2,1.005136e2
4.370555e0,-1.247859e2,6.723961e2,1.005136e2
4.387237e0,-1.247853e2,6.723969e2,1.005135e2
4.403918e0,-1.247847e2,6.723977e2,1.005134e2
4.420600e0,-1.247842e2,6.723985e2,1.005134e2
4.437281e0,-1.247835e2,6.723993e2,1.005133e2
4.453963e0,-1.247837e2,6.723992e2,1.005133e2
4.470644e0,-1.242592e2,6.725705e2,1.004675e2
4.487326e0,-1.235826e2,6.725657e2,1.004118e2
4.504007e0,-1.227168e2,6.727194e2,1.003382e2
4.520689e0,-1.214654e2,6.729009e2,1.002323e2
4.537370e0,-1.196933e2,6.732031e2,1.000816e2
4.554052e0,-1.177309e2,6.734726e2,9.991578e1
4.570733e0,-1.155576e2,6.738824e2,9.973046e1
4.587415e0,-1.128327e2,6.742913e2,9.949959e1
4.604096e0,-1.100368e2,6.747185e2,9.926256e1
4.620778e0,-1.066037e2,6.752366e2,9.897158e1
4.637459e0,-1.029053e2,6.758118e2,9.865788e1
4.654141e0,-9.905225e1,6.763683e2,9.833158e1
4.670822e0,-9.513071e1,6.768164e2,9.800086e1
4.687504e0,-9.085869e1,6.773214e2,9.764028e1
4.704185e0,-8.701245e1,6.777715e2,9.731563e1
4.720867e0,-8.285583e1,6.783476e2,9.696382e1
4.737548e0,-7.870596e1,6.787779e2,9.661405e1
4.754230e0,-7.460085e1,6.792974e2,9.626714e1
4.770911e0,-7.049448e1,6.795648e2,9.592238e1
4.787593e0,-6.606015e1,6.801140e2,9.554779e1
4.804274e0,-6.198165e1,6.804687e2,9.520452e1
4.820956e0,-5.760208e1,6.807625e2,9.483651e1
4.837637e0,-5.337222e1,6.809746e2,9.448147e1
4.854319e0,-4.921092e1,6.813737e2,9.413091e1
4.871000e0,-4.475481e1,6.815630e2,9.375693e1
4.887682e0,-4.025010e1,6.817847e2,9.337861e1
4.904363e0,-3.605356e1,6.819577e2,9.302628e1
4.921045e0,-3.152149e1,6.821674e2,9.264563e1
4.937726e0,-2.688540e1,6.824028e2,9.225618e1
4.954408e0,-2.288512e1,6.825252e2,9.192041e1
4.971089e0,-1.815465e1,6.826305e2,9.152343e1
4.987771e0,-1.366657e1,6.826546e2,9.114689e1
5.004452e0,-9.488027e0,6.826831e2,9.079625e1
5.021134e0,-4.957852e0,6.826957e2,9.041608e1
5.037815e0,-2.414775e-1,6.825526e2,9.002027e1
5.054497e0,4.087621e0,6.825494e2,8.965687e1
5.071178e0,8.653031e0,6.823522e2,8.927346e1
5.087860e0,1.328990e1,6.822032e2,8.888397e1
5.104541e0,1.742038e1,6.821908e2,8.853722e1
5.121223e0,2.184374e1,6.820702e2,8.816569e1
5.137904e0,2.647323e1,6.818793e2,8.777667e1
5.154586e0,3.090631e1,6.816143e2,8.740383e1
5.171267e0,3.530276e1,6.813913e2,8.703417e1
5.187949e0,3.983035e1,6.811642e2,8.665350e1
5.204630e0,4.407938e1,6.808638e2,8.629582e1
5.221312e0,4.831976e1,6.805307e2,8.593864e1
5.237993e0,5.284600e1,6.801479e2,8.555717e1
5.254675e0,5.715229e1,6.797404e2,8.519390e1
5.271356e0,6.147240e1,6.793862e2,8.482983e1
5.288038e0,6.571869e1,6.788432e2,8.447044e1
5.304720e0,7.000582e1,6.783909e2,8.410828e1
5.321401e0,7.410507e1,6.778334e2,8.376084e1
5.338083e0,7.827683e1,6.773503e2,8.340795e1
5.354764e0,8.248256e1,6.767704e2,8.305125e1
5.371446e0,8.673573e1,6.763034e2,8.269173e1
5.388127e0,9.094290e1,6.757361e2,8.233499e1
5.404809e0,9.484398e1,6.752266e2,8.200440e1
5.421490e0,9.888815e1,6.746826e2,8.166154e1
5.438172e0,1.030721e2,6.739958e2,8.130530e1
5.454853e0,1.071078e2,6.733859e2,8.096233e1
5.471535e0,1.103700e2,6.727183e2,8.068273e1
5.488216e0,1.134960e2,6.722375e2,8.041694e1
5.504898e0,1.163163e2,6.717303e2,8.017612e1
5.521579e0,1.186005e2,6.713385e2,7.998135e1
5.538261e0,1.206278e2,6.708199e2,7.980594e1
5.554942e0,1.223151e2,6.705638e2,7.966254e1
5.571624e0,1.238730e2,6.703653e2,7.953073e1
5.588305e0,1.250248e2,6.700039e2,7.942999e1
5.604987e0,1.259076e2,6.697947e2,7.935382e1
5.621668e0,1.262763e2,6.696665e2,7.932135e1
5.638350e0,1.265405e2,6.696365e2,7.929906e1
5.655031e0,1.264928e2,6.696288e2,7.930288e1
5.671713e0,1.264570e2,6.696238e2,7.930576e1
5.688394e0,1.264293e2,6.696206e2,7.930800e1
5.705076e0,1.264069e2,6.696174e2,7.930980e1
5.721757e0,1.263860e2,6.696138e2,7.931147e1
5.738439e0,1.263705e2,6.696118e2,7.931272e1
5.755120e0,1.263568e2,6.696096e2,7.931382e1
5.771802e0,1.263445e2,6.696081e2,7.931481e1
5.788483e0,1.263405e2,6.696053e2,7.931510e1
5.805165e0,1.263352e2,6.696045e2,7.931552e1
5.821846e0,1.263297e2,6.695985e2,7.931589e1
5.838528e0,1.263260e2,6.695929e2,7.931610e1
5.855209e0,1.263296e2,6.695987e2,7.931590e1
5.871891e0,1.263336e2,6.696036e2,7.931564e1
5.888572e0,1.263325e2,6.696025e2,7.931571e1
5.905254e0,1.263316e2,6.696017e2,7.931577e1
5.921935e0,1.263309e2,6.696002e2,7.931581e1
5.938617e0,1.263299e2,6.695998e2,7.931589e1
5.955298e0,1.263290e2,6.695996e2,7.931596e1
5.971980e0,1.263282e2,6.695994e2,7.931602e1
5.988661e0,1.263277e2,6.695994e2,7.931606e1
6.005343e0,1.258700e2,6.696428e2,7.935456e1
6.022024e0,1.250202e2,6.698270e2,7.942765e1
6.038706e0,1.239664e2,6.701020e2,7.951899e1
6.055387e0,1.224313e2,6.703690e2,7.964998e1
6.072069e0,1.207087e2,6.706953e2,7.979739e1
6.088750e0,1.186640e2,6.711063e2,7.997269e1
6.105432e0,1.161844e2,6.716487e2,8.018587e1
6.122113e0,1.134214e2,6.721591e2,8.042203e1
6.138795e0,1.102000e2,6.727192e2,8.069685e1
6.155476e0,1.068418e2,6.732827e2,8.098304e1
6.172158e0,1.031085e2,6.738673e2,8.130064e1
6.188839e0,9.888356e1,6.745865e2,8.166075e1
6.205521e0,9.505601e1,6.751325e2,8.198566e1
6.222202e0,9.091520e1,6.757056e2,8.233696e1
6.238884e0,8.664413e1,6.764415e2,8.270084e1
6.255565e0,8.261938e1,6.769079e2,8.304124e1
6.272247e0,7.831185e1,6.774152e2,8.340566e1
6.288928e0,7.407192e1,6.778991e2,8.376421e1
6.305610e0,7.009286e1,6.783903e2,8.410100e1
6.322291e0,6.586486e1,6.789034e2,8.445870e1
6.338973e0,6.128245e1,6.792466e2,8.484466e1
6.355654e0,5.710612e1,6.795281e2,8.519627e1
6.372336e0,5.286799e1,6.799922e2,8.555432e1
6.389018e0,4.836790e1,6.803817e2,8.593372e1
6.405699e0,4.414290e1,6.807049e2,8.628963e1
6.422381e0,3.997779e1,6.809722e2,8.664020e1
6.439062e0,3.514784e1,6.812544e2,8.704657e1
6.455744e0,3.092979e1,6.815169e2,8.740149e1
6.472425e0,2.668205e1,6.817167e2,8.775862e1
6.489107e0,2.214500e1,6.818798e2,8.813989e1
6.505788e0,1.781962e1,6.820476e2,8.850339e1
6.522470e0,1.339723e1,6.821383e2,8.887485e1
6.539151e0,8.767275e0,6.825558e2,8.926409e1
6.555833e0,4.464085e0,6.826056e2,8.962530e1
6.572514e0,-9.451816e-3,6.826025e2,9.000079e1
6.589196e0,-4.585851e0,6.825436e2,9.038495e1
6.605877e0,-8.879293e0,6.824938e2,9.074538e1
6.622559e0,-1.339900e1,6.825033e2,9.112469e1
6.639240e0,-1.813974e1,6.825130e2,9.152244e1
6.655922e0,-2.250585e1,6.824383e2,9.188885e1
6.672603e0,-2.688217e1,6.823667e2,9.225603e1
6.689285e0,-3.153280e1,6.822633e2,9.264621e1
6.705966e0,-3.574873e1,6.820924e2,9.300015e1
6.722648e0,-4.023616e1,6.818707e2,9.337702e1
6.739329e0,-4.470776e1,6.815917e2,9.375284e1
6.756011e0,-4.891617e1,6.814019e2,9.410608e1
6.772692e0,-5.316859e1,6.811672e2,9.446318e1
6.789374e0,-5.771132e1,6.808518e2,9.484500e1
6.806055e0,-6.188218e1,6.805053e2,9.519594e1
6.822737e0,-6.592532e1,6.801125e2,9.553655e1
6.839418e0,-7.051649e1,6.797029e2,9.592302e1
6.856100e0,-7.453129e1,6.792445e2,9.626183e1
6.872781e0,-7.877598e1,6.787235e2,9.662041e1
6.889463e0,-8.273665e1,6.782792e2,9.695459e1
6.906144e0,-8.695519e1,6.777701e2,9.731088e1
6.922826e0,-9.096826e1,6.773161e2,9.764945e1
6.939507e0,-9.500931e1,6.767719e2,9.799130e1
6.956189e0,-9.894185e1,6.763146e2,9.832308e1
6.972870e0,-1.028258e2,6.757313e2,9.865230e1
6.989552e0,-1.065847e2,6.752492e2,9.896984e1
7.006233e0,-1.099184e2,6.747301e2,9.925262e1
7.022915e0,-1.126625e2,6.742285e2,9.948638e1
7.039596e0,-1.154888e2,6.736882e2,9.972752e1
7.056278e0,-1.176966e2,6.734020e2,9.991397e1
7.072959e0,-1.196499e2,6.730673e2,1.000801e2
7.089641e0,-1.214765e2,6.727940e2,1.002348e2
7.106322e0,-1.227231e2,6.725622e2,1.003410e2
7.123004e0,-1.237070e2,6.724925e2,1.004232e2
7.139685e0,-1.244341e2,6.724138e2,1.004843e2
7.156367e0,-1.249125e2,6.722471e2,1.005263e2
7.173048e0,-1.248890e2,6.722811e2,1.005238e2
7.189730e0,-1.248387e2,6.723562e2,1.005185e2
7.206411e0,-1.249207e2,6.724629e2,1.005236e2
7.223093e0,-1.249058e2,6.724639e2,1.005224e2
7.239774e0,-1.248948e2,6.724671e2,1.005215e2
7.256456e0,-1.248869e2,6.724694e2,1.005208e2
7.273137e0,-1.248804e2,6.724715e2,1.005202e2
7.289819e0,-1.248755e2,6.724731e2,1.005198e2
7.306500e0,-1.248716e2,6.724743e2,1.005194e2
7.323182e0,-1.248444e2,6.724169e2,1.005181e2
7.339863e0,-1.248198e2,6.723623e2,1.005169e2
7.356545e0,-1.248108e2,6.723846e2,1.005158e2
7.373226e0,-1.248004e2,6.724043e2,1.005146e2
7.389908e0,-1.248190e2,6.724286e2,1.005158e2
7.406589e0,-1.248133e2,6.723704e2,1.005162e2
7.423271e0,-1.248415e2,6.724812e2,1.005168e2
7.439953e0,-1.248510e2,6.724964e2,1.005174e2
7.456634e0,-1.248455e2,6.724907e2,1.005170e2
7.473316e0,-1.248435e2,6.724889e2,1.005169e2
7.489997e0,-1.248414e2,6.724883e2,1.005167e2
7.506679e0,-1.248399e2,6.724875e2,1.005166e2
7.523360e0,-1.248396e2,6.724874e2,1.005166e2
7.540042e0,-1.248394e2,6.724874e2,1.005166e2
7.556723e0,-1.248392e2,6.724873e2,1.005166e2
7.573405e0,-1.248390e2,6.724873e2,1.005165e2
7.590086e0,-1.243240e2,6.724836e2,1.004742e2
7.606768e0,-1.236401e2,6.726389e2,1.004155e2
7.623449e0,-1.227826e2,6.727906e2,1.003425e2
7.640131e0,-1.214020e2,6.728972e2,1.002271e2
7.656812e0,-1.196791e2,6.732667e2,1.000795e2
7.673494e0,-1.177711e2,6.735911e2,9.991739e1
7.690175e0,-1.154997e2,6.738551e2,9.972606e1
7.706857e0,-1.129190e2,6.743485e2,9.950593e1
7.723538e0,-1.099666e2,6.748417e2,9.925510e1
7.740220e0,-1.064266e2,6.753087e2,9.895598e1
7.756901e0,-1.028590e2,6.757939e2,9.865426e1
7.773583e0,-9.890880e1,6.763335e2,9.832011e1
7.790264e0,-9.477004e1,6.768358e2,9.797069e1
7.806946e0,-9.092284e1,6.774917e2,9.764371e1
7.823627e0,-8.700073e1,6.778296e2,9.731403e1
7.840309e0,-8.270841e1,6.783553e2,9.695147e1
7.856990e0,-7.875939e1,6.788094e2,9.661819e1
7.873672e0,-7.450010e1,6.793247e2,9.625850e1
7.890353e0,-7.012994e1,6.797172e2,9.589066e1
7.907035e0,-6.593527e1,6.800934e2,9.553754e1
7.923716e0,-6.176825e1,6.804901e2,9.518654e1
7.940398e0,-5.732685e1,6.807580e2,9.481354e1
7.957079e0,-5.313249e1,6.811809e2,9.446007e1
7.973761e0,-4.885440e1,6.814573e2,9.410058e1
7.990442e0,-4.436465e1,6.816632e2,9.372373e1
8.007124e0,-4.006746e1,6.818592e2,9.336295e1
8.023805e0,-3.583610e1,6.820777e2,9.300753e1
8.040487e0,-3.109841e1,6.823579e2,9.260945e1
8.057168e0,-2.678418e1,6.824682e2,9.224748e1
8.073850e0,-2.247746e1,6.825627e2,9.188612e1
8.090531e0,-1.778444e1,6.827245e2,9.149217e1
8.107213e0,-1.340831e1,6.827449e2,9.112508e1
8.123894e0,-9.167677e0,6.827526e2,9.076929e1
8.140576e0,-4.651542e0,6.827225e2,9.039036e1
8.157257e0,-1.359423e-1,6.827020e2,9.001141e1
8.173939e0,4.347511e0,6.826883e2,8.963513e1
8.190620e0,9.032747e0,6.826190e2,8.924188e1
8.207302e0,1.342672e1,6.825502e2,8.887306e1
8.223983e0,1.769851e1,6.824147e2,8.851436e1
8.240665e0,2.229843e1,6.823233e2,8.812823e1
8.257346e0,2.664399e1,6.820449e2,8.776289e1
8.274028e0,3.101070e1,6.817165e2,8.739546e1
8.290709e0,3.566700e1,6.814783e2,8.700401e1
8.307391e0,4.000652e1,6.812608e2,8.663921e1
8.324072e0,4.422045e1,6.809813e2,8.628464e1
8.340754e0,4.874826e1,6.805786e2,8.590303e1
8.357435e0,5.311714e1,6.802880e2,8.553538e1
8.374117e0,5.735460e1,6.796904e2,8.517661e1
8.390798e0,6.187691e1,6.792216e2,8.479474e1
8.407480e0,6.602607e1,6.787769e2,8.444420e1
8.424161e0,7.024617e1,6.783660e2,8.408798e1
8.440843e0,7.446423e1,6.778260e2,8.373077e1
8.457524e0,7.846910e1,6.773876e2,8.339226e1
8.474206e0,8.266787e1,6.768228e2,8.303632e1
8.490888e0,8.694360e1,6.762644e2,8.267398e1
8.507569e0,9.102940e1,6.756599e2,8.232693e1
8.524251e0,9.503576e1,6.752100e2,8.198825e1
8.540932e0,9.916400e1,6.745795e2,8.163735e1
8.557614e0,1.030627e2,6.739205e2,8.130512e1
8.574295e0,1.070149e2,6.732146e2,8.096777e1
8.590977e0,1.105774e2,6.726530e2,8.066465e1
8.607658e0,1.136821e2,6.720220e2,8.039850e1
8.624340e0,1.163282e2,6.715195e2,8.017211e1
8.641021e0,1.188138e2,6.710332e2,7.995922e1
8.657703e0,1.208593e2,6.706066e2,7.978361e1
8.674384e0,1.226390e2,6.702604e2,7.963117e1
8.691066e0,1.239998e2,6.700160e2,7.951491e1
8.707747e0,1.250893e2,6.697568e2,7.942085e1
8.724429e0,1.260111e2,6.695791e2,7.934191e1
8.741110e0,1.263220e2,6.694938e2,7.931489e1
8.757792e0,1.265520e2,6.694936e2,7.929588e1
8.774473e0,1.265059e2,6.695024e2,7.929983e1
8.791155e0,1.264662e2,6.695189e2,7.930336e1
8.807836e0,1.264415e2,6.695257e2,7.930551e1
8.824518e0,1.264227e2,6.695314e2,7.930716e1
8.841199e0,1.264071e2,6.695365e2,7.930852e1
8.857881e0,1.263815e2,6.695510e2,7.931086e1
8.874562e0,1.263590e2,6.695648e2,7.931294e1
8.891244e0,1.263644e2,6.695809e2,7.931274e1
8.907925e0,1.263691e2,6.695958e2,7.931258e1
8.924607e0,1.263567e2,6.695616e2,7.931308e1
8.941288e0,1.263287e2,6.695110e2,7.931460e1
8.957970e0,1.263142e2,6.695076e2,7.931575e1
8.974651e0,1.262996e2,6.695007e2,7.931685e1
8.991333e0,1.263076e2,6.695117e2,7.931636e1
9.008014e0,1.263168e2,6.695202e2,7.931573e1
9.024696e0,1.263185e2,6.695252e2,7.931566e1
9.041377e0,1.263220e2,6.695298e2,7.931545e1
9.058059e0,1.263134e2,6.695359e2,7.931626e1
9.074740e0,1.263117e2,6.695379e2,7.931643e1
9.091422e0,1.263089e2,6.695396e2,7.931668e1
9.108103e0,1.263058e2,6.695415e2,7.931697e1
9.124785e0,1.263056e2,6.695416e2,7.931699e1
9.141466e0,1.259317e2,6.695963e2,7.934874e1
9.158148e0,1.251402e2,6.699413e2,7.941949e1
9.174829e0,1.243470e2,6.700788e2,7.948717e1
9.191511e0,1.229272e2,6.704596e2,7.961035e1
9.208192e0,1.212419e2,6.706644e2,7.975281e1
9.224874e0,1.192294e2,6.709966e2,7.992427e1
9.241555e0,1.170585e2,6.715024e2,8.011138e1
9.258237e0,1.142748e2,6.719810e2,8.034880e1
9.274918e0,1.112915e2,6.724780e2,8.060303e1
9.291600e0,1.079638e2,6.730183e2,8.088641e1
9.308281e0,1.042245e2,6.735404e2,8.120375e1
9.324963e0,1.003065e2,6.741346e2,8.153688e1
9.341644e0,9.607636e1,6.748772e2,8.189774e1
9.358326e0,9.212521e1,6.753940e2,8.223267e1
9.375007e0,8.809199e1,6.759143e2,8.257449e1
9.391689e0,8.389743e1,6.765811e2,8.293129e1
9.408370e0,7.962054e1,6.771406e2,8.329376e1
9.425052e0,7.554779e1,6.776516e2,8.363866e1
9.441733e0,7.130855e1,6.781830e2,8.399761e1
9.458415e0,6.703974e1,6.786696e2,8.435856e1
9.475096e0,6.285932e1,6.791805e2,8.471224e1
9.491778e0,5.843993e1,6.795301e2,8.508463e1
9.508459e0,5.413050e1,6.799223e2,8.544812e1
9.525141e0,4.990591e1,6.802611e2,8.580413e1
9.541822e0,4.539671e1,6.806601e2,8.618430e1
9.558504e0,4.117482e1,6.809740e2,8.653985e1
9.575186e0,3.679988e1,6.812418e2,8.690795e1
9.591867e0,3.226941e1,6.815145e2,8.728909e1
9.608549e0,2.790037e1,6.817697e2,8.765657e1
9.625230e0,2.356998e1,6.819255e2,8.802042e1
9.641912e0,1.902253e1,6.821107e2,8.840256e1
9.658593e0,1.465698e1,6.823167e2,8.876941e1
9.675275e0,1.026970e1,6.824790e2,8.913790e1
9.691956e0,5.570567e0,6.825653e2,8.953241e1
9.708638e0,1.120368e0,6.826382e2,8.990596e1
9.725319e0,-3.128889e0,6.826084e2,9.026263e1
9.742001e0,-7.706705e0,6.825957e2,9.064686e1
9.758682e0,-1.218700e1,6.826088e2,9.102282e1
9.775364e0,-1.668838e1,6.825830e2,9.140054e1
9.792045e0,-2.135209e1,6.824719e2,9.179199e1
9.808727e0,-2.561884e1,6.823687e2,9.215010e1
9.825408e0,-2.995275e1,6.823309e2,9.251354e1
9.842090e0,-3.444879e1,6.820738e2,9.289132e1
9.858771e0,-3.877015e1,6.818303e2,9.325444e1
9.875453e0,-4.320950e1,6.815718e2,9.362752e1
9.892134e0,-4.763673e1,6.813538e2,9.399932e1
9.908816e0,-5.194365e1,6.811293e2,9.436100e1
9.925497e0,-5.621361e1,6.808505e2,9.471985e1
9.942179e0,-6.051955e1,6.804559e2,9.508250e1
9.958860e0,-6.481174e1,6.799467e2,9.544492e1
9.975542e0,-6.901713e1,6.796469e2,9.579842e1
9.992223e0,-7.336177e1,6.792587e2,9.616421e1
1.000890e1,-7.759881e1,6.788714e2,9.652093e1
1.002559e1,-8.155447e1,6.784039e2,9.685493e1
1.004227e1,-8.582114e1,6.778678e2,9.721552e1
1.005895e1,-8.979748e1,6.773973e2,9.755124e1
1.007563e1,-9.382002e1,6.769388e2,9.789062e1
1.009231e1,-9.777949e1,6.763498e2,9.822622e1
1.010899e1,-1.018202e2,6.758147e2,9.856791e1
1.012568e1,-1.054529e2,6.752713e2,9.887584e1
1.014236e1,-1.089749e2,6.746834e2,9.917517e1
1.015904e1,-1.120382e2,6.743937e2,9.943250e1
1.017572e1,-1.147075e2,6.738824e2,9.966023e1
1.019240e1,-1.171241e2,6.734247e2,9.986637e1
1.020908e1,-1.190339e2,6.731818e2,1.000276e2
1.022576e1,-1.208497e2,6.728427e2,1.001824e2
1.024245e1,-1.223032e2,6.726096e2,1.003057e2
1.025913e1,-1.234014e2,6.723648e2,1.003999e2
1.027581e1,-1.241642e2,6.722542e2,1.004645e2
1.029249e1,-1.245860e2,6.721461e2,1.005009e2
1.030917e1,-1.248410e2,6.722153e2,1.005209e2
1.032585e1,-1.248435e2,6.722773e2,1.005201e2
1.034253e1,-1.248420e2,6.723038e2,1.005196e2
1.035922e1,-1.248418e2,6.723262e2,1.005192e2
1.037590e1,-1.248408e2,6.723440e2,1.005189e2
1.039258e1,-1.248376e2,6.723556e2,1.005184e2
1.040926e1,-1.248350e2,6.723651e2,1.005181e2
1.042594e1,-1.248318e2,6.723738e2,1.005177e2
1.044262e1,-1.248299e2,6.723798e2,1.005174e2
1.045931e1,-1.248303e2,6.723844e2,1.005174e2
1.047599e1,-1.248316e2,6.723878e2,1.005175e2
1.049267e1,-1.248310e2,6.723906e2,1.005174e2
1.050935e1,-1.248304e2,6.723926e2,1.005173e2
1.052603e1,-1.247980e2,6.723737e2,1.005149e2
1.054271e1,-1.247974e2,6.723704e2,1.005149e2
1.055939e1,-1.247951e2,6.723692e2,1.005147e2
1.057608e1,-1.247927e2,6.723682e2,1.005146e2
1.059276e1,-1.247925e2,6.723704e2,1.005145e2
1.060944e1,-1.247916e2,6.723716e2,1.005144e2
1.062612e1,-1.247934e2,6.723738e2,1.005145e2
1.064280e1,-1.247947e2,6.723756e2,1.005146e2
1.065948e1,-1.247958e2,6.723774e2,1.005147e2
1.067617e1,-1.247969e2,6.723788e2,1.005147e2
1.069285e1,-1.247099e2,6.723840e2,1.005075e2
1.070953e1,-1.244925e2,6.724035e2,1.004893e2
1.072621e1,-1.238403e2,6.725584e2,1.004332e2
1.074289e1,-1.229031e2,6.726898e2,1.003540e2
1.075957e1,-1.217548e2,6.728524e2,1.002569e2
1.077625e1,-1.201138e2,6.731715e2,1.001168e2
1.079294e1,-1.183879e2,6.733870e2,9.997125e1
1.080962e1,-1.160999e2,6.738336e2,9.977594e1
1.082630e1,-1.136872e2,6.742176e2,9.957123e1
1.084298e1,-1.108116e2,6.746674e2,9.932734e1
1.085966e1,-1.074680e2,6.751310e2,9.904451e1
1.087634e1,-1.040277e2,6.756834e2,9.875249e1
1.089302e1,-9.985421e1,6.762713e2,9.839927e1
1.090971e1,-9.603584e1,6.768286e2,9.807584e1
1.092639e1,-9.201581e1,6.773705e2,9.773586e1
1.094307e1,-8.801031e1,6.778076e2,9.739821e1
1.095975e1,-8.384425e1,6.782216e2,9.704736e1
1.097643e1,-7.985488e1,6.786753e2,9.671073e1
1.099311e1,-7.578971e1,6.790192e2,9.636879e1
1.100980e1,-7.148002e1,6.794765e2,9.600535e1
1.102648e1,-6.741122e1,6.798549e2,9.566267e1
1.104316e1,-6.295465e1,6.802696e2,9.528730e1
1.105984e1,-5.874802e1,6.805601e2,9.493372e1
1.107652e1,-5.456203e1,6.807397e2,9.458252e1
1.109320e1,-5.013456e1,6.812997e2,9.420862e1
1.110988e1,-4.573009e1,6.815391e2,9.383869e1
1.112657e1,-4.148591e1,6.816546e2,9.348276e1
1.114325e1,-3.701024e1,6.819093e2,9.310665e1
1.115993e1,-3.268857e1,6.820146e2,9.274405e1
1.117661e1,-2.809307e1,6.822754e2,9.235785e1
1.119329e1,-2.364637e1,6.825112e2,9.198428e1
1.120997e1,-1.918395e1,6.825474e2,9.160995e1
1.122665e1,-1.482589e1,6.826448e2,9.124417e1
1.124334e1,-1.033139e1,6.826150e2,9.086711e1
1.126002e1,-6.102279e0,6.826721e2,9.051214e1
1.127670e1,-1.610900e0,6.826759e2,9.013520e1
1.129338e1,3.021819e0,6.826209e2,8.974637e1
1.131006e1,7.559740e0,6.825460e2,8.936543e1
1.132674e1,1.197982e1,6.824564e2,8.899434e1
1.134343e1,1.645224e1,6.823230e2,8.861875e1
1.136011e1,2.084190e1,6.821879e2,8.825007e1
1.137679e1,2.515731e1,6.819988e2,8.788745e1
1.139347e1,2.993281e1,6.816912e2,8.748578e1
1.141015e1,3.433592e1,6.814544e2,8.711552e1
1.142683e1,3.851754e1,6.812209e2,8.676383e1
1.144351e1,4.298991e1,6.809557e2,8.638761e1
1.146020e1,4.737541e1,6.806111e2,8.601823e1
1.147688e1,5.150396e1,6.802266e2,8.567006e1
1.149356e1,5.598343e1,6.798280e2,8.529235e1
1.151024e1,6.044539e1,6.794722e2,8.491639e1
1.152692e1,6.462468e1,6.790001e2,8.456318e1
1.154360e1,6.885501e1,6.785032e2,8.420542e1
1.156028e1,7.309835e1,6.780432e2,8.384683e1
1.157697e1,7.706845e1,6.775390e2,8.351063e1
1.159365e1,8.146116e1,6.769620e2,8.313839e1
1.161033e1,8.581018e1,6.764068e2,8.276998e1
1.162701e1,8.980341e1,6.758429e2,8.243109e1
1.164369e1,9.387032e1,6.752664e2,8.208590e1
1.166037e1,9.800836e1,6.745448e2,8.173303e1
1.167706e1,1.019813e2,6.740458e2,8.139655e1
1.169374e1,1.059948e2,6.734341e2,8.105535e1
1.171042e1,1.097958e2,6.727870e2,8.073130e1
1.172710e1,1.128150e2,6.723557e2,8.047503e1
1.174378e1,1.158644e2,6.716889e2,8.021295e1
1.176046e1,1.183282e2,6.713164e2,8.000356e1
1.177714e1,1.203001e2,6.709322e2,7.983471e1
1.179383e1,1.222116e2,6.705724e2,7.967123e1
1.181051e1,1.237851e2,6.703608e2,7.953793e1
1.182719e1,1.250998e2,6.701047e2,7.942535e1
1.184387e1,1.260407e2,6.698595e2,7.934383e1
1.186055e1,1.263912e2,6.696982e2,7.931236e1
1.187723e1,1.268420e2,6.695678e2,7.927308e1
1.189392e1,1.268652e2,6.696680e2,7.927273e1
1.191060e1,1.268857e2,6.695432e2,7.926909e1
1.192728e1,1.268969e2,6.695365e2,7.926806e1
1.194396e1,1.269155e2,6.695389e2,7.926655e1
1.196064e1,1.269299e2,6.695374e2,7.926534e1
1.197732e1,1.269412e2,6.695355e2,7.926438e1
1.199400e1,1.269519e2,6.695323e2,7.926344e1
1.201069e1,1.269608e2,6.695302e2,7.926268e1
1.202737e1,1.269620e2,6.695385e2,7.926271e1
1.204405e1,1.269717e2,6.695244e2,7.926169e1
1.206073e1,1.269723e2,6.695357e2,7.926182e1
1.207741e1,1.269767e2,6.695403e2,7.926152e1
1.209409e1,1.269769e2,6.695406e2,7.926151e1
1.211077e1,1.269781e2,6.695405e2,7.926141e1
1.212746e1,1.269810e2,6.695465e2,7.926126e1
1.214414e1,1.269849e2,6.695514e2,7.926102e1
1.216082e1,1.269861e2,6.695515e2,7.926092e1
1.217750e1,1.269882e2,6.695515e2,7.926075e1
1.219418e1,1.269889e2,6.695513e2,7.926069e1
1.221086e1,1.269903e2,6.695514e2,7.926057e1
1.222755e1,1.269909e2,6.695514e2,7.926052e1
1.224423e1,1.269908e2,6.695505e2,7.926052e1
1.226091e1,1.269798e2,6.695464e2,7.926136e1
1.227759e1,1.269813e2,6.695469e2,7.926125e1
1.229427e1,1.269826e2,6.695473e2,7.926114e1
1.231095e1,1.269837e2,6.695475e2,7.926106e1
1.232763e1,1.269145e2,6.695725e2,7.926716e1
1.234432e1,1.267869e2,6.695923e2,7.927801e1
1.236100e1,1.266756e2,6.695827e2,7.928706e1
1.237768e1,1.264727e2,6.695982e2,7.930406e1
1.239436e1,1.262851e2,6.695818e2,7.931931e1
1.241104e1,1.261327e2,6.695687e2,7.933170e1
1.242772e1,1.260115e2,6.696374e2,7.934278e1
1.244440e1,1.258338e2,6.696562e2,7.935776e1
1.246109e1,1.255678e2,6.696301e2,7.937934e1
1.247777e1,1.253137e2,6.696571e2,7.940076e1
1.249445e1,1.252435e2,6.696215e2,7.940602e1
1.251113e1,1.248332e2,6.697756e2,7.944232e1
1.252781e1,1.245502e2,6.697938e2,7.946599e1
1.254449e1,1.242282e2,6.699959e2,7.949572e1
1.256118e1,1.240078e2,6.699728e2,7.951359e1
1.257786e1,1.237840e2,6.699798e2,7.953220e1
1.259454e1,1.233359e2,6.699490e2,7.956879e1
1.261122e1,1.230697e2,6.700845e2,7.959287e1
1.262790e1,1.226933e2,6.702885e2,7.962709e1
1.264458e1,1.223309e2,6.703744e2,7.965837e1
1.266126e1,1.219656e2,6.704767e2,7.969013e1
1.267795e1,1.215186e2,6.705073e2,7.972757e1
1.269463e1,1.211551e2,6.706391e2,7.975961e1
1.271131e1,1.207624e2,6.706344e2,7.979203e1
1.272799e1,1.203967e2,6.706781e2,7.982295e1
1.274467e1,1.199801e2,6.707543e2,7.985857e1
1.276135e1,1.194978e2,6.707770e2,7.989882e1
1.277804e1,1.190490e2,6.708581e2,7.993717e1
1.279472e1,1.187939e2,6.709292e2,7.995934e1
1.281140e1,1.183776e2,6.709578e2,7.999423e1
1.282808e1,1.179391e2,6.709581e2,8.003056e1
1.284476e1,1.174509e2,6.711174e2,8.007331e1
1.286144e1,1.171539e2,6.712287e2,8.009952e1
1.287812e1,1.167159e2,6.712795e2,8.013654e1
1.289481e1,1.163056e2,6.714456e2,8.017292e1
1.291149e1,1.159790e2,6.715456e2,8.020141e1
1.292817e1,1.154474e2,6.715333e2,8.024528e1
1.294485e1,1.151571e2,6.717186e2,8.027198e1
1.296153e1,1.148342e2,6.717511e2,8.029920e1
1.297821e1,1.144089e2,6.717545e2,8.033450e1
1.299489e1,1.139628e2,6.718367e2,8.037263e1
1.301158e1,1.136284e2,6.718098e2,8.039998e1
1.302826e1,1.131539e2,6.719427e2,8.044118e1
1.304494e1,1.128370e2,6.720377e2,8.046878e1
1.306162e1,1.123483e2,6.719995e2,8.050878e1
1.307830e1,1.120427e2,6.721725e2,8.053652e1
1.309498e1,1.118391e2,6.723022e2,8.055520e1
1.311167e1,1.113471e2,6.723190e2,8.059623e1
1.312835e1,1.109784e2,6.724306e2,8.062834e1
1.314503e1,1.104915e2,6.724665e2,8.066923e1
1.316171e1,1.101044e2,6.724764e2,8.070148e1
1.317839e1,1.097987e2,6.726392e2,8.072905e1
1.319507e1,1.093879e2,6.726690e2,8.076354e1
1.321175e1,1.089964e2,6.728016e2,8.079781e1
1.322844e1,1.085895e2,6.728436e2,8.083215e1
1.324512e1,1.081663e2,6.729848e2,8.086916e1
1.326180e1,1.078848e2,6.731417e2,8.089461e1
1.327848e1,1.073977e2,6.730548e2,8.093388e1
1.329516e1,1.070249e2,6.733227e2,8.096837e1
1.331184e1,1.065998e2,6.734284e2,8.100504e1
1.332852e1,1.062037e2,6.734539e2,8.103826e1
1.334521e1,1.058294e2,6.735340e2,8.107038e1
1.336189e1,1.052961e2,6.735873e2,8.111535e1
1.337857e1,1.050641e2,6.735960e2,8.113473e1
1.339525e1,1.045902e2,6.737051e2,8.117549e1
1.341193e1,1.041908e2,6.736815e2,8.120835e1
1.342861e1,1.039280e2,6.738808e2,8.123274e1
1.344530e1,1.033932e2,6.738150e2,8.127632e1
1.346198e1,1.030900e2,6.738321e2,8.130173e1
1.347866e1,1.026635e2,6.738416e2,8.133729e1
1.349534e1,1.020968e2,6.738848e2,8.138493e1
1.351202e1,1.016704e2,6.739600e2,8.142132e1
1.352870e1,1.013732e2,6.740931e2,8.144768e1
1.354538e1,1.009777e2,6.742262e2,8.148222e1
1.356207e1,1.006079e2,6.742299e2,8.151301e1
1.357875e1,1.000977e2,6.743180e2,8.155651e1
1.359543e1,9.974222e1,6.744694e2,8.158793e1
1.361211e1,9.936772e1,6.745337e2,8.161985e1
1.362879e1,9.895922e1,6.745710e2,8.165427e1
1.364547e1,9.858003e1,6.745287e2,8.168528e1
1.366215e1,9.812932e1,6.746254e2,8.172394e1
1.367884e1,9.781489e1,6.747661e2,8.175179e1
1.369552e1,9.736822e1,6.747565e2,8.178883e1
1.371220e1,9.696974e1,6.748080e2,8.182259e1
1.372888e1,9.651576e1,6.748161e2,8.186046e1
1.374556e1,9.610999e1,6.749153e2,8.189540e1
1.376224e1,9.571090e1,6.750275e2,8.192993e1
1.377893e1,9.531411e1,6.750254e2,8.196292e1
1.379561e1,9.485168e1,6.750301e2,8.200147e1
1.381229e1,9.433882e1,6.749871e2,8.204366e1
1.382897e1,9.416515e1,6.750853e2,8.205926e1
1.384565e1,9.366097e1,6.751225e2,8.210167e1
1.386233e1,9.324789e1,6.753532e2,8.213872e1
1.387901e1,9.277730e1,6.754893e2,8.217945e1
1.389570e1,9.231119e1,6.755348e2,8.221878e1
1.391238e1,9.200297e1,6.755169e2,8.224424e1
1.392906e1,9.163052e1,6.755434e2,8.227556e1
1.394574e1,9.113559e1,6.756808e2,8.231832e1
1.396242e1,9.073721e1,6.757384e2,8.235215e1
1.397910e1,9.032498e1,6.757256e2,8.238634e1
1.399579e1,8.988754e1,6.758276e2,8.242392e1
1.401247e1,8.941499e1,6.758758e2,8.246382e1
1.402915e1,8.893809e1,6.759015e2,8.250384e1
1.404583e1,8.866082e1,6.758704e2,8.252660e1
1.406251e1,8.819990e1,6.760870e2,8.256737e1
1.407919e1,8.782577e1,6.762226e2,8.260002e1
1.409587e1,8.738755e1,6.762818e2,8.263717e1
1.411256e1,8.700316e1,6.764026e2,8.267050e1
1.412924e1,8.676048e1,6.764834e2,8.269159e1
1.414592e1,8.626748e1,6.764554e2,8.273237e1
1.416260e1,8.589001e1,6.764769e2,8.276406e1
1.417928e1,8.548702e1,6.766016e2,8.279897e1
1.419596e1,8.509184e1,6.766792e2,8.283272e1
1.421264e1,8.456995e1,6.766385e2,8.287581e1
1.422933e1,8.417552e1,6.767003e2,8.290933e1
1.424601e1,8.369679e1,6.767699e2,8.294997e1
1.426269e1,8.327496e1,6.767729e2,8.298518e1
1.427937e1,8.302992e1,6.768101e2,8.300600e1
1.429605e1,8.252655e1,6.767826e2,8.304770e1
1.431273e1,8.211068e1,6.768460e2,8.308304e1
1.432942e1,8.156587e1,6.768136e2,8.312817e1
1.434610e1,8.118767e1,6.769024e2,8.316062e1
1.436278e1,8.078766e1,6.769823e2,8.319479e1
1.437946e1,8.035125e1,6.769680e2,8.323107e1
1.439614e1,7.990529e1,6.771066e2,8.326966e1
1.441282e1,7.958771e1,6.771573e2,8.329666e1
1.442950e1,7.927105e1,6.772794e2,8.332428e1
1.444619e1,7.880314e1,6.773481e2,8.336400e1
1.446287e1,7.831061e1,6.773527e2,8.340516e1
1.447955e1,7.800254e1,6.775313e2,8.343259e1
1.449623e1,7.754815e1,6.774949e2,8.347017e1
1.451291e1,7.713915e1,6.775556e2,8.350489e1
1.452959e1,7.675324e1,6.776418e2,8.353792e1
1.454627e1,7.629718e1,6.777362e2,8.357688e1
1.456296e1,7.597886e1,6.777323e2,8.360342e1
1.457964e1,7.552859e1,6.776945e2,8.364067e1
1.459632e1,7.502490e1,6.777433e2,8.368318e1
1.461300e1,7.466369e1,6.778164e2,8.371403e1
1.462968e1,7.420110e1,6.778519e2,8.375299e1
1.464636e1,7.385492e1,6.778949e2,8.378229e1
1.466305e1,7.333194e1,6.779697e2,8.382666e1
1.467973e1,7.287875e1,6.779832e2,8.386464e1
1.469641e1,7.234544e1,6.779132e2,8.390857e1
1.471309e1,7.211432e1,6.780262e2,8.392889e1
1.472977e1,7.159343e1,6.779486e2,8.397173e1
1.474645e1,7.125057e1,6.781291e2,8.400198e1
1.476313e1,7.078361e1,6.782735e2,8.404226e1
1.477982e1,7.041317e1,6.783785e2,8.407413e1
1.479650e1,6.995533e1,6.784463e2,8.411297e1
1.481318e1,6.941142e1,6.784373e2,8.415835e1
1.482986e1,6.905543e1,6.785416e2,8.418899e1
1.484654e1,6.859547e1,6.785295e2,8.422733e1
1.486322e1,6.815122e1,6.785743e2,8.426485e1
1.487991e1,6.771030e1,6.786853e2,8.430263e1
1.489659e1,6.729795e1,6.787447e2,8.433760e1
1.491327e1,6.684971e1,6.787473e2,8.437509e1
1.492995e1,6.635290e1,6.786935e2,8.441619e1
1.494663e1,6.606552e1,6.787509e2,8.444069e1
1.496331e1,6.547653e1,6.787384e2,8.448984e1
1.497999e1,6.508114e1,6.787785e2,8.452323e1
1.499668e1,6.469344e1,6.788615e2,8.455633e1
1.501336e1,6.431440e1,6.788641e2,8.458805e1
1.503004e1,6.382267e1,6.788998e2,8.462947e1
1.504672e1,6.336633e1,6.788980e2,8.466763e1
1.506340e1,6.292186e1,6.789675e2,8.470536e1
1.508008e1,6.269697e1,6.790102e2,8.472451e1
1.509676e1,6.223855e1,6.789640e2,8.476251e1
1.511345e1,6.175947e1,6.789698e2,8.480265e1
1.513013e1,6.138937e1,6.789082e2,8.483316e1
1.514681e1,6.103940e1,6.790960e2,8.486387e1
1.516349e1,6.070350e1,6.792799e2,8.489336e1
1.518017e1,6.021591e1,6.793199e2,8.493446e1
1.519685e1,5.975413e1,6.794112e2,8.497378e1
1.521354e1,5.944846e1,6.794057e2,8.499932e1
1.523022e1,5.895683e1,6.794921e2,8.504109e1
1.524690e1,5.845888e1,6.795832e2,8.508342e1
1.526358e1,5.799364e1,6.796197e2,8.512262e1
1.528026e1,5.749063e1,6.795952e2,8.516455e1
1.529694e1,5.721949e1,6.796264e2,8.518747e1
1.531362e1,5.675338e1,6.796576e2,8.522671e1
1.533031e1,5.635003e1,6.796554e2,8.526046e1
1.534699e1,5.594617e1,6.797653e2,8.529504e1
1.536367e1,5.534457e1,6.797454e2,8.534527e1
1.538035e1,5.505711e1,6.797601e2,8.536944e1
1.539703e1,5.449881e1,6.798045e2,8.541649e1
1.541371e1,5.402884e1,6.798116e2,8.545590e1
1.543039e1,5.350897e1,6.797974e2,8.549935e1
1.544708e1,5.321305e1,6.798543e2,8.552451e1
1.546376e1,5.296159e1,6.798844e2,8.554577e1
1.548044e1,5.240673e1,6.798350e2,8.559193e1
1.549712e1,5.194855e1,6.799438e2,8.563102e1
1.551380e1,5.144161e1,6.799046e2,8.567324e1
1.553048e1,5.112143e1,6.799581e2,8.570041e1
1.554717e1,5.061058e1,6.798963e2,8.574283e1
1.556385e1,5.005131e1,6.799749e2,8.579019e1
1.558053e1,4.984836e1,6.800616e2,8.580773e1
1.559721e1,4.941990e1,6.801364e2,8.584409e1
1.561389e1,4.894234e1,6.802479e2,8.588479e1
1.563057e1,4.854648e1,6.803133e2,8.591835e1
1.564725e1,4.805520e1,6.803844e2,8.595994e1
1.566394e1,4.770616e1,6.804406e2,8.598952e1
1.568062e1,4.734504e1,6.804402e2,8.601977e1
1.569730e1,4.685430e1,6.805626e2,8.606161e1
1.571398e1,4.638521e1,6.804937e2,8.610052e1
1.573066e1,4.592743e1,6.806004e2,8.613949e1
1.574734e1,4.547331e1,6.805738e2,8.617740e1
1.576402e1,4.510240e1,6.806579e2,8.620895e1
1.578071e1,4.454986e1,6.806186e2,8.625505e1
1.579739e1,4.409964e1,6.806947e2,8.629320e1
1.581407e1,4.365353e1,6.807064e2,8.633066e1
1.583075e1,4.310483e1,6.807681e2,8.637699e1
1.584743e1,4.277112e1,6.807749e2,8.640500e1
1.586411e1,4.226701e1,6.807536e2,8.644715e1
1.588080e1,4.180343e1,6.807785e2,8.648615e1
1.589748e1,4.147257e1,6.807414e2,8.651370e1
1.591416e1,4.098185e1,6.807787e2,8.655504e1
1.593084e1,4.047046e1,6.808134e2,8.659810e1
1.594752e1,4.000075e1,6.808282e2,8.663756e1
1.596420e1,3.960529e1,6.808176e2,8.667068e1
1.598088e1,3.918343e1,6.808805e2,8.670636e1
1.599757e1,3.867994e1,6.809636e2,8.674899e1
1.601425e1,3.822648e1,6.808655e2,8.678656e1
1.603093e1,3.787282e1,6.809152e2,8.681646e1
1.604761e1,3.746667e1,6.808615e2,8.685029e1
1.606429e1,3.700296e1,6.809240e2,8.688948e1
1.608097e1,3.645978e1,6.808670e2,8.693479e1
1.609766e1,3.609242e1,6.809110e2,8.696581e1
1.611434e1,3.571995e1,6.809295e2,8.699715e1
1.613102e1,3.524495e1,6.809303e2,8.703701e1
1.614770e1,3.476830e1,6.810139e2,8.707737e1
1.616438e1,3.438504e1,6.809930e2,8.710945e1
1.618106e1,3.403146e1,6.810071e2,8.713918e1
1.619774e1,3.347596e1,6.809560e2,8.718559e1
1.621443e1,3.301517e1,6.809877e2,8.722440e1
1.623111e1,3.277966e1,6.810664e2,8.724449e1
1.624779e1,3.230184e1,6.811394e2,8.728488e1
1.626447e1,3.194289e1,6.813019e2,8.731565e1
1.628115e1,3.135956e1,6.813240e2,8.736469e1
1.629783e1,3.096631e1,6.814351e2,8.739811e1
1.631451e1,3.041505e1,6.814346e2,8.744437e1
1.633120e1,3.016854e1,6.814853e2,8.746524e1
1.634788e1,2.966286e1,6.815023e2,8.750774e1
1.636456e1,2.912759e1,6.815552e2,8.755284e1
1.638124e1,2.860194e1,6.815439e2,8.759691e1
1.639792e1,2.817195e1,6.815694e2,8.763309e1
1.641460e1,2.789133e1,6.815600e2,8.765661e1
1.643129e1,2.738093e1,6.815392e2,8.769937e1
1.644797e1,2.690152e1,6.815824e2,8.773975e1
1.646465e1,2.658292e1,6.815903e2,8.776652e1
1.648133e1,2.614153e1,6.816019e2,8.780361e1
1.649801e1,2.565024e1,6.815977e2,8.784483e1
1.651469e1,2.512084e1,6.816197e2,8.788934e1
1.653137e1,2.461243e1,6.816242e2,8.793203e1
1.654806e1,2.427763e1,6.816567e2,8.796024e1
1.656474e1,2.385406e1,6.816671e2,8.799583e1
1.658142e1,2.337027e1,6.816328e2,8.803634e1
1.659810e1,2.291842e1,6.816735e2,8.807439e1
1.661478e1,2.245812e1,6.816481e2,8.811297e1
1.663146e1,2.212532e1,6.816805e2,8.814100e1
1.664814e1,2.161288e1,6.816526e2,8.818395e1
1.666483e1,2.110370e1,6.816725e2,8.822676e1
1.668151e1,2.070043e1,6.817320e2,8.826078e1
1.669819e1,2.030013e1,6.817028e2,8.829432e1
1.671487e1,2.001214e1,6.817454e2,8.831861e1
1.673155e1,1.946079e1,6.817072e2,8.836481e1
1.674823e1,1.900946e1,6.817777e2,8.840288e1
1.676492e1,1.848959e1,6.817916e2,8.844657e1
1.678160e1,1.809193e1,6.817975e2,8.847998e1
1.679828e1,1.760159e1,6.818004e2,8.852116e1
1.681496e1,1.713106e1,6.818286e2,8.856074e1
1.683164e1,1.675924e1,6.818535e2,8.859201e1
1.684832e1,1.631420e1,6.818314e2,8.862934e1
1.686500e1,1.585384e1,6.818459e2,8.866804e1
1.688169e1,1.532853e1,6.818050e2,8.871208e1
1.689837e1,1.486995e1,6.818215e2,8.875063e1
1.691505e1,1.444081e1,6.819009e2,8.878681e1
1.693173e1,1.402992e1,6.818173e2,8.882118e1
1.694841e1,1.357095e1,6.817423e2,8.885961e1
1.696509e1,1.305778e1,6.818172e2,8.890284e1
1.698178e1,1.242340e1,6.818605e2,8.895619e1
1.699846e1,1.219838e1,6.818482e2,8.897508e1
1.701514e1,1.172448e1,6.818791e2,8.901493e1
1.703182e1,1.125379e1,6.818499e2,8.905443e1
1.704850e1,1.077832e1,6.818699e2,8.909440e1
1.706518e1,1.041047e1,6.818388e2,8.912526e1
1.708186e1,1.003888e1,6.818784e2,8.915653e1
1.709855e1,9.498076e0,6.818432e2,8.920192e1
1.711523e1,8.872155e0,6.819003e2,8.925457e1
1.713191e1,8.618871e0,6.818611e2,8.927581e1
1.714859e1,8.173279e0,6.818961e2,8.931328e1
1.716527e1,7.641826e0,6.818357e2,8.935787e1
1.718195e1,7.119170e0,6.818664e2,8.940181e1
1.719863e1,6.889362e0,6.818783e2,8.942113e1
1.721532e1,6.369168e0,6.818534e2,8.946482e1
1.723200e1,5.936936e0,6.818475e2,8.950113e1
1.724868e1,5.398686e0,6.818082e2,8.954633e1
1.726536e1,4.948585e0,6.818386e2,8.958417e1
1.728204e1,4.726407e0,6.818212e2,8.960283e1
1.729872e1,4.277050e0,6.818273e2,8.964059e1
1.731541e1,3.978902e0,6.818205e2,8.966564e1
1.733209e1,3.430570e0,6.817938e2,8.971171e1
1.734877e1,3.172384e0,6.818119e2,8.973341e1
1.736545e1,2.949168e0,6.818296e2,8.975218e1
1.738213e1,2.688126e0,6.818455e2,8.977412e1
1.739881e1,2.324007e0,6.818324e2,8.980471e1
1.741549e1,2.086200e0,6.818371e2,8.982469e1
1.743218e1,1.836765e0,6.818428e2,8.984566e1
1.744886e1,1.494254e0,6.818140e2,8.987443e1
1.746554e1,1.289629e0,6.818188e2,8.989163e1
1.748222e1,1.144322e0,6.818261e2,8.990384e1
1.749890e1,1.033009e0,6.818271e2,8.991319e1
1.751558e1,9.103911e-1,6.818265e2,8.992350e1
1.753226e1,8.282451e-1,6.818395e2,8.993040e1
1.754895e1,7.512354e-1,6.818473e2,8.993687e1
1.756563e1,6.135594e-1,6.818351e2,8.994844e1
1.758231e1,5.300617e-1,6.818311e2,8.995546e1
1.759899e1,3.736275e-1,6.818485e2,8.996860e1
1.761567e1,3.237910e-1,6.818471e2,8.997279e1
1.763235e1,2.889429e-1,6.818487e2,8.997572e1
1.764904e1,2.621633e-1,6.818490e2,8.997797e1
1.766572e1,2.640731e-1,6.818379e2,8.997781e1
1.768240e1,2.660524e-1,6.818274e2,8.997764e1
1.769908e1,2.609730e-1,6.818258e2,8.997807e1
1.771576e1,2.493599e-1,6.818577e2,8.997905e1
1.773244e1,2.271912e-1,6.819133e2,8.998091e1
1.774912e1,2.372775e-1,6.818842e2,8.998006e1
1.776581e1,2.250667e-1,6.819082e2,8.998109e1
1.778249e1,2.555090e-1,6.818296e2,8.997853e1
1.779917e1,2.517898e-1,6.818256e2,8.997884e1
1.781585e1,2.508678e-1,6.818214e2,8.997892e1
1.783253e1,2.501623e-1,6.818160e2,8.997898e1
1.784921e1,2.376366e-1,6.818415e2,8.998003e1
1.786589e1,2.257135e-1,6.818635e2,8.998103e1
1.788258e1,2.339091e-1,6.818387e2,8.998034e1
1.789926e1,2.417855e-1,6.818209e2,8.997968e1
1.791594e1,2.427827e-1,6.818220e2,8.997960e1
1.793262e1,2.448075e-1,6.818223e2,8.997943e1
1.794930e1,2.452454e-1,6.818212e2,8.997939e1
1.796598e1,2.461497e-1,6.818192e2,8.997932e1
1.798267e1,2.443852e-1,6.818214e2,8.997946e1
1.799935e1,2.431167e-1,6.818225e2,8.997957e1
1.801603e1,2.435529e-1,6.818231e2,8.997953e1
1.803271e1,2.437065e-1,6.818236e2,8.997952e1
1.804939e1,2.446945e-1,6.818224e2,8.997944e1
1.806607e1,2.451172e-1,6.818224e2,8.997940e1
1.808275e1,2.449778e-1,6.818227e2,8.997941e1
1.809944e1,2.455640e-1,6.818217e2,8.997936e1
1.811612e1,2.454075e-1,6.818214e2,8.997938e1
1.813280e1,2.452669e-1,6.818211e2,8.997939e1
1.814948e1,2.451930e-1,6.818210e2,8.997940e1
1.816616e1,2.354047e-1,6.819393e2,8.998022e1
1.818284e1,2.796810e-1,6.818264e2,8.997650e1
1.819953e1,2.746820e-1,6.818261e2,8.997692e1
1.821621e1,2.748201e-1,6.818277e2,8.997691e1
1.823289e1,2.769489e-1,6.818300e2,8.997673e1
1.824957e1,2.824442e-1,6.818331e2,8.997627e1
1.826625e1,2.900818e-1,6.818379e2,8.997562e1
1.828293e1,2.629875e-1,6.818229e2,8.997790e1
1.829961e1,3.699025e-1,6.819212e2,8.996892e1
1.831630e1,2.559748e-1,6.818192e2,8.997849e1
1.833298e1,2.557702e-1,6.818141e2,8.997851e1
1.834966e1,2.551349e-1,6.818141e2,8.997856e1
1.836634e1,2.545497e-1,6.818143e2,8.997861e1
1.838302e1,2.558292e-1,6.818179e2,8.997850e1
1.839970e1,2.566531e-1,6.818213e2,8.997843e1
1.841638e1,2.559704e-1,6.818206e2,8.997849e1
1.843307e1,2.552237e-1,6.818201e2,8.997855e1
1.844975e1,2.518826e-1,6.818201e2,8.997883e1
1.846643e1,2.488727e-1,6.818216e2,8.997909e1
1.848311e1,2.434426e-1,6.818235e2,8.997954e1
1.849979e1,2.438273e-1,6.818230e2,8.997951e1
1.851647e1,2.322309e-1,6.818257e2,8.998048e1
1.853316e1,2.305030e-1,6.818276e2,8.998063e1
1.854984e1,2.278845e-1,6.818290e2,8.998085e1
1.856652e1,2.269094e-1,6.818298e2,8.998093e1
1.858320e1,2.189695e-1,6.818215e2,8.998160e1
1.859988e1,2.131982e-1,6.818122e2,8.998208e1
1.861656e1,2.146983e-1,6.818121e2,8.998196e1
1.863324e1,2.152610e-1,6.818120e2,8.998191e1
1.864993e1,2.154010e-1,6.818120e2,8.998190e1
1.866661e1,2.153960e-1,6.818119e2,8.998190e1
1.868329e1,2.152830e-1,6.818117e2,8.998191e1
1.869997e1,2.152402e-1,6.818115e2,8.998191e1
1.871665e1,2.798877e-1,6.816115e2,8.997647e1
1.873333e1,2.064097e-1,6.818698e2,8.998266e1
