,mass A,,,
t,x,y,θr,
0.000000e0,-5.147077e-2,6.810227e2,9.000433e1
1.667831e-2,-4.356171e-2,6.810109e2,9.000366e1
3.335663e-2,-3.694089e-2,6.810011e2,9.000311e1
5.003494e-2,-5.211549e-2,6.810057e2,9.000438e1
6.671325e-2,-5.125672e-2,6.810060e2,9.000431e1
8.339157e-2,-5.032412e-2,6.810075e2,9.000423e1
1.000699e-1,-5.100381e-2,6.810092e2,9.000429e1
1.167482e-1,-5.009942e-2,6.810105e2,9.000422e1
1.334265e-1,-5.025575e-2,6.810116e2,9.000423e1
1.501048e-1,-5.543117e-2,6.810315e2,9.000466e1
1.667831e-1,-5.161045e-2,6.809537e2,9.000434e1
1.834614e-1,-7.172834e-2,6.809665e2,9.000604e1
2.001398e-1,-8.534402e-2,6.809826e2,9.000718e1
2.168181e-1,-7.489983e-2,6.809810e2,9.000630e1
2.334964e-1,-6.836501e-2,6.809859e2,9.000575e1
2.501747e-1,-7.058414e-2,6.809779e2,9.000594e1
2.668530e-1,-7.312224e-2,6.809762e2,9.000615e1
2.835313e-1,-5.825107e-2,6.809460e2,9.000490e1
3.002096e-1,-5.391965e-2,6.809443e2,9.000454e1
3.168880e-1,-4.429320e-2,6.809476e2,9.000373e1
3.335663e-1,-4.635287e-2,6.809509e2,9.000390e1
3.502446e-1,-4.207567e-2,6.809488e2,9.000354e1
3.669229e-1,-3.998530e-2,6.809479e2,9.000336e1
3.836012e-1,-4.149002e-2,6.809503e2,9.000349e1
4.002795e-1,-4.263627e-2,6.809521e2,9.000359e1
4.169578e-1,-4.227399e-2,6.809509e2,9.000356e1
4.336362e-1,-4.392311e-2,6.809499e2,9.000370e1
4.503145e-1,-4.517950e-2,6.809516e2,9.000380e1
4.669928e-1,-4.546776e-2,6.809524e2,9.000383e1
4.836711e-1,-5.274321e-2,6.809619e2,9.000444e1
5.003494e-1,-5.316577e-2,6.809630e2,9.000447e1
5.170277e-1,-5.782413e-2,6.809670e2,9.000487e1
5.337060e-1,-5.952662e-2,6.809716e2,9.000501e1
5.503843e-1,-6.801541e-2,6.809866e2,9.000572e1
5.670627e-1,-7.682721e-2,6.809993e2,9.000646e1
5.837410e-1,-1.022414e-1,6.810629e2,9.000860e1
6.004193e-1,-9.986987e-2,6.810574e2,9.000840e1
6.170976e-1,-9.240649e-2,6.810545e2,9.000777e1
6.337759e-1,-8.469420e-2,6.810523e2,9.000713e1
6.504542e-1,-8.339298e-2,6.810536e2,9.000702e1
6.671325e-1,-8.204340e-2,6.810549e2,9.000690e1
6.838109e-1,-8.136175e-2,6.810478e2,9.000684e1
7.004892e-1,-8.043039e-2,6.810412e2,9.000677e1
7.171675e-1,-6.615267e-2,6.810227e2,9.000557e1
7.338458e-1,-6.627297e-2,6.810206e2,9.000558e1
7.505241e-1,-8.021226e-2,6.810283e2,9.000675e1
7.672024e-1,-7.921301e-2,6.810273e2,9.000666e1
7.838807e-1,-7.973668e-2,6.810279e2,9.000671e1
8.005590e-1,-8.023739e-2,6.810284e2,9.000675e1
8.172374e-1,-7.887972e-2,6.810285e2,9.000664e1
8.339157e-1,-7.921874e-2,6.810287e2,9.000666e1
8.505940e-1,-7.844874e-2,6.810289e2,9.000660e1
8.672723e-1,-7.820111e-2,6.810287e2,9.000658e1
8.839506e-1,-7.818451e-2,6.810287e2,9.000658e1
9.006289e-1,-7.815348e-2,6.810286e2,9.000658e1
9.173072e-1,-7.812243e-2,6.810285e2,9.000657e1
9.339856e-1,-7.811325e-2,6.810285e2,9.000657e1
9.506639e-1,-7.839907e-2,6.810287e2,9.000660e1
9.673422e-1,-7.885597e-2,6.810289e2,9.000663e1
9.840205e-1,-7.885946e-2,6.810289e2,9.000663e1
1.000699e0,-7.886150e-2,6.810289e2,9.000663e1
1.017377e0,4.595370e-1,6.810143e2,8.996134e1
1.034055e0,1.545919e0,6.810015e2,8.986993e1
1.050734e0,2.844981e0,6.809862e2,8.976063e1
1.067412e0,4.633543e0,6.809616e2,8.961014e1
1.084090e0,6.731650e0,6.810103e2,8.943366e1
1.100769e0,9.130958e0,6.808742e2,8.923167e1
1.117447e0,1.127393e1,6.807897e2,8.905126e1
1.134125e0,1.334722e1,6.807512e2,8.887677e1
1.150804e0,1.563924e1,6.807222e2,8.868389e1
1.167482e0,1.789460e1,6.805653e2,8.849383e1
1.184160e0,2.009122e1,6.804258e2,8.830869e1
1.200839e0,2.228469e1,6.802532e2,8.812370e1
1.217517e0,2.453300e1,6.800239e2,8.793386e1
1.234195e0,2.680886e1,6.799890e2,8.774226e1
1.250874e0,2.905615e1,6.797788e2,8.755247e1
1.267552e0,3.113438e1,6.797509e2,8.737754e1
1.284230e0,3.339058e1,6.796317e2,8.718730e1
1.300908e0,3.561816e1,6.795202e2,8.699949e1
1.317587e0,3.776800e1,6.791748e2,8.681714e1
1.334265e0,3.995269e1,6.790736e2,8.663294e1
1.350943e0,4.225166e1,6.788945e2,8.643873e1
1.367622e0,4.429880e1,6.786407e2,8.626527e1
1.384300e0,4.649276e1,6.785109e2,8.608012e1
1.400978e0,4.874669e1,6.782990e2,8.588944e1
1.417657e0,5.082128e1,6.780506e2,8.571358e1
1.434335e0,5.307644e1,6.778604e2,8.552288e1
1.451013e0,5.539544e1,6.778967e2,8.532836e1
1.467692e0,5.743622e1,6.776016e2,8.515496e1
1.484370e0,5.947666e1,6.775357e2,8.498322e1
1.501048e0,6.169227e1,6.771707e2,8.479455e1
1.517727e0,6.377472e1,6.769223e2,8.461789e1
1.534405e0,6.595972e1,6.766998e2,8.443282e1
1.551083e0,6.810693e1,6.764516e2,8.425068e1
1.567761e0,7.009449e1,6.761476e2,8.408143e1
1.584440e0,7.209808e1,6.759184e2,8.391146e1
1.601118e0,7.433685e1,6.756903e2,8.372179e1
1.617796e0,7.628660e1,6.753949e2,8.355569e1
1.634475e0,7.831659e1,6.750992e2,8.338284e1
1.651153e0,8.065311e1,6.747032e2,8.318329e1
1.667831e0,8.269579e1,6.744381e2,8.300961e1
1.684510e0,8.483501e1,6.741031e2,8.282711e1
1.701188e0,8.696047e1,6.738421e2,8.264653e1
1.717866e0,8.896562e1,6.735538e2,8.247570e1
1.734545e0,9.091472e1,6.732560e2,8.230945e1
1.751223e0,9.295357e1,6.730330e2,8.213654e1
1.767901e0,9.496334e1,6.726289e2,8.196396e1
1.784580e0,9.693810e1,6.722061e2,8.179401e1
1.801258e0,9.893840e1,6.719586e2,8.162402e1
1.817936e0,1.009340e2,6.717523e2,8.145496e1
1.834614e0,1.029252e2,6.712020e2,8.128192e1
1.851293e0,1.049844e2,6.710150e2,8.110781e1
1.867971e0,1.069565e2,6.705045e2,8.093674e1
1.884649e0,1.089536e2,6.701204e2,8.076520e1
1.901328e0,1.109281e2,6.697960e2,8.059633e1
1.918006e0,1.127921e2,6.694386e2,8.043620e1
1.934684e0,1.147363e2,6.690964e2,8.026959e1
1.951363e0,1.167426e2,6.688126e2,8.009866e1
1.968041e0,1.186496e2,6.683398e2,7.993322e1
1.984719e0,1.204123e2,6.678878e2,7.978003e1
2.001398e0,1.220914e2,6.676134e2,7.963642e1
2.018076e0,1.234937e2,6.672991e2,7.951518e1
2.034754e0,1.244180e2,6.670746e2,7.943499e1
2.051433e0,1.252163e2,6.670319e2,7.936808e1
2.068111e0,1.257389e2,6.668777e2,7.932232e1
2.084789e0,1.257880e2,6.669010e2,7.931860e1
2.101468e0,1.258077e2,6.669120e2,7.931714e1
2.118146e0,1.258221e2,6.669211e2,7.931609e1
2.134824e0,1.258350e2,6.669278e2,7.931513e1
2.151502e0,1.258395e2,6.669218e2,7.931465e1
2.168181e0,1.258428e2,6.669220e2,7.931438e1
2.184859e0,1.258476e2,6.669234e2,7.931401e1
2.201537e0,1.258483e2,6.669156e2,7.931383e1
2.218216e0,1.258625e2,6.669395e2,7.931303e1
2.234894e0,1.258677e2,6.669526e2,7.931280e1
2.251572e0,1.258707e2,6.669535e2,7.931257e1
2.268251e0,1.258732e2,6.669547e2,7.931238e1
2.284929e0,1.258741e2,6.669549e2,7.931231e1
2.301607e0,1.258736e2,6.669563e2,7.931236e1
2.318286e0,1.258758e2,6.669550e2,7.931217e1
2.334964e0,1.258959e2,6.669847e2,7.931096e1
2.351642e0,1.258955e2,6.669829e2,7.931097e1
2.368321e0,1.258968e2,6.669828e2,7.931086e1
2.384999e0,1.258979e2,6.669828e2,7.931077e1
2.401677e0,1.258986e2,6.669832e2,7.931072e1
2.418355e0,1.258987e2,6.669832e2,7.931071e1
2.435034e0,1.258990e2,6.669832e2,7.931068e1
2.451712e0,1.258997e2,6.669836e2,7.931063e1
2.468390e0,1.254804e2,6.671855e2,7.934857e1
2.485069e0,1.248202e2,6.672936e2,7.940501e1
2.501747e0,1.238581e2,6.674424e2,7.948714e1
2.518425e0,1.224116e2,6.677669e2,7.961217e1
2.535104e0,1.208124e2,6.680891e2,7.974982e1
2.551782e0,1.187700e2,6.685696e2,7.992661e1
2.568460e0,1.168872e2,6.689640e2,8.008884e1
2.585139e0,1.150401e2,6.691496e2,8.024508e1
2.601817e0,1.129354e2,6.696751e2,8.042759e1
2.618495e0,1.110034e2,6.699578e2,8.059229e1
2.635174e0,1.090378e2,6.703974e2,8.076193e1
2.651852e0,1.070452e2,6.706783e2,8.093166e1
2.668530e0,1.050931e2,6.710476e2,8.109918e1
2.685208e0,1.033183e2,6.713343e2,8.125083e1
2.701887e0,1.011075e2,6.717779e2,8.144081e1
2.718565e0,9.908559e1,6.720249e2,8.161255e1
2.735243e0,9.725778e1,6.723226e2,8.176873e1
2.751922e0,9.503654e1,6.728453e2,8.196040e1
2.768600e0,9.307664e1,6.730052e2,8.212594e1
2.785278e0,9.107357e1,6.733819e2,8.229760e1
2.801957e0,8.893894e1,6.736845e2,8.247938e1
2.818635e0,8.685934e1,6.739863e2,8.265654e1
2.835313e0,8.484836e1,6.742173e2,8.282719e1
2.851992e0,8.282841e1,6.745035e2,8.299918e1
2.868670e0,8.071085e1,6.747981e2,8.317940e1
2.885348e0,7.867365e1,6.750549e2,8.335251e1
2.902027e0,7.653228e1,6.754116e2,8.353527e1
2.918705e0,7.454039e1,6.754545e2,8.370255e1
2.935383e0,7.258887e1,6.757353e2,8.386868e1
2.952061e0,7.041511e1,6.759906e2,8.405319e1
2.968740e0,6.816714e1,6.762252e2,8.424372e1
2.985418e0,6.607185e1,6.764795e2,8.442161e1
3.002096e0,6.387144e1,6.767484e2,8.460840e1
3.018775e0,6.173238e1,6.769614e2,8.478959e1
3.035453e0,5.974795e1,6.771889e2,8.495789e1
3.052131e0,5.748251e1,6.774713e2,8.515015e1
3.068810e0,5.533666e1,6.776943e2,8.533191e1
3.085488e0,5.322669e1,6.779498e2,8.551085e1
3.102166e0,5.084782e1,6.780515e2,8.571135e1
3.118845e0,4.879566e1,6.782005e2,8.588473e1
3.135523e0,4.677437e1,6.784417e2,8.605605e1
3.152201e0,4.457802e1,6.787185e2,8.624223e1
3.168880e0,4.232842e1,6.789368e2,8.643250e1
3.185558e0,4.012833e1,6.790568e2,8.661808e1
3.202236e0,3.797805e1,6.791577e2,8.679939e1
3.218915e0,3.566765e1,6.794153e2,8.699487e1
3.235593e0,3.353574e1,6.794675e2,8.717441e1
3.252271e0,3.132090e1,6.796039e2,8.736128e1
3.268949e0,2.904444e1,6.798174e2,8.755359e1
3.285628e0,2.695079e1,6.799403e2,8.773016e1
3.302306e0,2.457741e1,6.800608e2,8.793023e1
3.318984e0,2.254626e1,6.802839e2,8.810177e1
3.335663e0,2.037202e1,6.802488e2,8.828462e1
3.352341e0,1.810873e1,6.803931e2,8.847543e1
3.369019e0,1.587653e1,6.804565e2,8.866341e1
3.385698e0,1.383251e1,6.805674e2,8.883563e1
3.402376e0,1.148426e1,6.807618e2,8.903353e1
3.419054e0,9.227579e0,6.808307e2,8.922349e1
3.435733e0,6.962163e0,6.809834e2,8.941425e1
3.452411e0,4.752368e0,6.810171e2,8.960018e1
3.469089e0,2.506138e0,6.810217e2,8.978915e1
3.485768e0,3.741226e-1,6.810568e2,8.996853e1
3.502446e0,-1.954246e0,6.811344e2,9.016439e1
3.519124e0,-4.151045e0,6.811308e2,9.034918e1
3.535802e0,-6.319185e0,6.811309e2,9.053155e1
3.552481e0,-8.585947e0,6.810977e2,9.072223e1
3.569159e0,-1.089730e1,6.811044e2,9.091662e1
3.585837e0,-1.303276e1,6.811134e2,9.109619e1
3.602516e0,-1.544002e1,6.811161e2,9.129860e1
3.619194e0,-1.762479e1,6.810532e2,9.148241e1
3.635872e0,-1.991669e1,6.810536e2,9.167508e1
3.652551e0,-2.213951e1,6.810552e2,9.186190e1
3.669229e0,-2.429085e1,6.810485e2,9.204269e1
3.685907e0,-2.655402e1,6.810291e2,9.223289e1
3.702586e0,-2.883966e1,6.808846e2,9.242538e1
3.719264e0,-3.094011e1,6.809240e2,9.260164e1
3.735942e0,-3.301010e1,6.807940e2,9.277596e1
3.752621e0,-3.517739e1,6.806948e2,9.295834e1
3.769299e0,-3.734434e1,6.806029e2,9.314064e1
3.785977e0,-3.957168e1,6.805744e2,9.332769e1
3.802655e0,-4.189539e1,6.806312e2,9.352232e1
3.819334e0,-4.411654e1,6.804700e2,9.370943e1
3.836012e0,-4.629657e1,6.802726e2,9.389331e1
3.852690e0,-4.848511e1,6.801620e2,9.407741e1
3.869369e0,-5.068323e1,6.800192e2,9.426249e1
3.886047e0,-5.284156e1,6.798726e2,9.444425e1
3.902725e0,-5.505144e1,6.798199e2,9.462968e1
3.919404e0,-5.713844e1,6.797615e2,9.480479e1
3.936082e0,-5.918609e1,6.794908e2,9.497810e1
3.952760e0,-6.140132e1,6.793075e2,9.516482e1
3.969439e0,-6.362662e1,6.791182e2,9.535242e1
3.986117e0,-6.569226e1,6.790507e2,9.552567e1
4.002795e0,-6.789966e1,6.788741e2,9.571162e1
4.019474e0,-6.997316e1,6.787954e2,9.588551e1
4.036152e0,-7.208395e1,6.786560e2,9.606298e1
4.052830e0,-7.445696e1,6.782787e2,9.626447e1
4.069509e0,-7.634289e1,6.781554e2,9.642299e1
4.086187e0,-7.837740e1,6.779843e2,9.659432e1
4.102865e0,-8.042218e1,6.778378e2,9.676624e1
4.119543e0,-8.240260e1,6.775873e2,9.693379e1
4.136222e0,-8.443477e1,6.776346e2,9.710257e1
4.152900e0,-8.651339e1,6.773450e2,9.727865e1
4.169578e0,-8.844902e1,6.770711e2,9.744267e1
4.186257e0,-9.036135e1,6.767979e2,9.760476e1
4.202935e0,-9.232137e1,6.765418e2,9.777063e1
4.219613e0,-9.444104e1,6.762298e2,9.795040e1
4.236292e0,-9.639791e1,6.759895e2,9.811581e1
4.252970e0,-9.835236e1,6.757684e2,9.828077e1
4.269648e0,-1.004113e2,6.755037e2,9.845491e1
4.286327e0,-1.023629e2,6.751589e2,9.862113e1
4.303005e0,-1.040990e2,6.749117e2,9.876826e1
4.319683e0,-1.060949e2,6.746844e2,9.893665e1
4.336362e0,-1.081474e2,6.744143e2,9.911025e1
4.353040e0,-1.100844e2,6.740413e2,9.927565e1
4.369718e0,-1.118920e2,6.738227e2,9.942825e1
4.386396e0,-1.136493e2,6.735498e2,9.957741e1
4.403075e0,-1.156773e2,6.732460e2,9.974938e1
4.419753e0,-1.173895e2,6.730275e2,9.989400e1
4.436431e0,-1.193360e2,6.727997e2,1.000581e2
4.453110e0,-1.212586e2,6.724284e2,1.002223e2
4.469788e0,-1.225494e2,6.721413e2,1.003331e2
4.486466e0,-1.235224e2,6.719957e2,1.004155e2
4.503145e0,-1.242439e2,6.718443e2,1.004773e2
4.519823e0,-1.247997e2,6.718240e2,1.005235e2
4.536501e0,-1.250605e2,6.718599e2,1.005444e2
4.553180e0,-1.250638e2,6.718683e2,1.005445e2
4.569858e0,-1.250653e2,6.718746e2,1.005446e2
4.586536e0,-1.250690e2,6.718833e2,1.005447e2
4.603215e0,-1.250716e2,6.718905e2,1.005448e2
4.619893e0,-1.250743e2,6.718968e2,1.005450e2
4.636571e0,-1.250764e2,6.719018e2,1.005451e2
4.653249e0,-1.250713e2,6.719045e2,1.005446e2
4.669928e0,-1.250734e2,6.719079e2,1.005447e2
4.686606e0,-1.250739e2,6.719158e2,1.005446e2
4.703284e0,-1.250742e2,6.719221e2,1.005446e2
4.719963e0,-1.250749e2,6.719219e2,1.005446e2
4.736641e0,-1.250993e2,6.719757e2,1.005458e2
4.753319e0,-1.251135e2,6.719859e2,1.005468e2
4.769998e0,-1.250864e2,6.719621e2,1.005450e2
4.786676e0,-1.250839e2,6.719587e2,1.005448e2
4.803354e0,-1.250801e2,6.719563e2,1.005445e2
4.820033e0,-1.250751e2,6.719625e2,1.005440e2
4.836711e0,-1.250761e2,6.719619e2,1.005441e2
4.853389e0,-1.250757e2,6.719623e2,1.005441e2
4.870068e0,-1.250757e2,6.719625e2,1.005441e2
4.886746e0,-1.250764e2,6.719622e2,1.005441e2
4.903424e0,-1.250770e2,6.719618e2,1.005442e2
4.920102e0,-1.250688e2,6.719477e2,1.005437e2
4.936781e0,-1.250500e2,6.719929e2,1.005415e2
4.953459e0,-1.245179e2,6.720844e2,1.004962e2
4.970137e0,-1.237916e2,6.721280e2,1.004357e2
4.986816e0,-1.228983e2,6.722205e2,1.003606e2
5.003494e0,-1.214265e2,6.723657e2,1.002370e2
5.020172e0,-1.196643e2,6.726146e2,1.000879e2
5.036851e0,-1.179876e2,6.729380e2,9.994470e1
5.053529e0,-1.161175e2,6.731808e2,9.978670e1
5.070207e0,-1.142269e2,6.734474e2,9.962661e1
5.086886e0,-1.122353e2,6.737621e2,9.945749e1
5.103564e0,-1.104562e2,6.740014e2,9.930697e1
5.120242e0,-1.085718e2,6.742785e2,9.914721e1
5.136921e0,-1.066116e2,6.745853e2,9.898076e1
5.153599e0,-1.047033e2,6.748865e2,9.881868e1
5.170277e0,-1.028321e2,6.751295e2,9.866042e1
5.186956e0,-1.009778e2,6.753533e2,9.850379e1
5.203634e0,-9.897517e1,6.756313e2,9.833414e1
5.220312e0,-9.700213e1,6.759137e2,9.816690e1
5.236990e0,-9.502861e1,6.761309e2,9.800038e1
5.253669e0,-9.304922e1,6.763569e2,9.783325e1
5.270347e0,-9.099744e1,6.766574e2,9.765923e1
5.287025e0,-8.901965e1,6.769293e2,9.749170e1
5.303704e0,-8.703312e1,6.771227e2,9.732428e1
5.320382e0,-8.499072e1,6.772970e2,9.715238e1
5.337060e0,-8.294698e1,6.774281e2,9.698077e1
5.353739e0,-8.082278e1,6.776852e2,9.680114e1
5.370417e0,-7.874107e1,6.779457e2,9.662502e1
5.387095e0,-7.680843e1,6.781396e2,9.646198e1
5.403774e0,-7.465351e1,6.782909e2,9.628076e1
5.420452e0,-7.264600e1,6.784740e2,9.611153e1
5.437130e0,-7.046881e1,6.787245e2,9.592752e1
5.453809e0,-6.837343e1,6.788342e2,9.575154e1
5.470487e0,-6.613086e1,6.790798e2,9.556210e1
5.487165e0,-6.406915e1,6.792580e2,9.538833e1
5.503843e0,-6.201342e1,6.793855e2,9.521543e1
5.520522e0,-5.987424e1,6.794947e2,9.503566e1
5.537200e0,-5.760876e1,6.795308e2,9.484579e1
5.553878e0,-5.541489e1,6.798793e2,9.465970e1
5.570557e0,-5.320354e1,6.799570e2,9.447402e1
5.587235e0,-5.115210e1,6.801146e2,9.430118e1
5.603913e0,-4.895908e1,6.801486e2,9.411722e1
5.620592e0,-4.686705e1,6.802643e2,9.394119e1
5.637270e0,-4.470232e1,6.802794e2,9.375960e1
5.653948e0,-4.247029e1,6.804296e2,9.357159e1
5.670627e0,-4.010706e1,6.805429e2,9.337276e1
5.687305e0,-3.807210e1,6.806737e2,9.320139e1
5.703983e0,-3.590974e1,6.807534e2,9.301955e1
5.720662e0,-3.352953e1,6.808706e2,9.281926e1
5.737340e0,-3.135456e1,6.809151e2,9.263648e1
5.754018e0,-2.908558e1,6.809929e2,9.244565e1
5.770696e0,-2.686491e1,6.809826e2,9.225916e1
5.787375e0,-2.473095e1,6.810163e2,9.207977e1
5.804053e0,-2.258912e1,6.810479e2,9.189970e1
5.820731e0,-2.023475e1,6.810778e2,9.170175e1
5.837410e0,-1.804634e1,6.810646e2,9.151783e1
5.854088e0,-1.586632e1,6.810511e2,9.133457e1
5.870766e0,-1.360599e1,6.810379e2,9.114452e1
5.887445e0,-1.144108e1,6.810842e2,9.096238e1
5.904123e0,-9.288354e0,6.810718e2,9.078134e1
5.920801e0,-6.875133e0,6.810327e2,9.057839e1
5.937480e0,-4.844477e0,6.810379e2,9.040756e1
5.954158e0,-2.561558e0,6.809988e2,9.021552e1
5.970836e0,-2.239197e-1,6.809692e2,9.001884e1
5.987515e0,1.892348e0,6.809266e2,8.984077e1
6.004193e0,4.159241e0,6.808839e2,8.965001e1
6.020871e0,6.472396e0,6.808740e2,8.945536e1
6.037549e0,8.842242e0,6.808010e2,8.925588e1
6.054228e0,1.084573e1,6.807916e2,8.908729e1
6.070906e0,1.316308e1,6.806604e2,8.889211e1
6.087584e0,1.530646e1,6.806315e2,8.871171e1
6.104263e0,1.759872e1,6.806691e2,8.851895e1
6.120941e0,1.970232e1,6.803062e2,8.834112e1
6.137619e0,2.202702e1,6.802572e2,8.814539e1
6.154298e0,2.415597e1,6.801103e2,8.796584e1
6.170976e0,2.644183e1,6.799950e2,8.777316e1
6.187654e0,2.864382e1,6.798203e2,8.758730e1
6.204333e0,3.090828e1,6.798127e2,8.739679e1
6.221011e0,3.317886e1,6.796536e2,8.720519e1
6.237689e0,3.516171e1,6.794673e2,8.703765e1
6.254368e0,3.736092e1,6.792672e2,8.685180e1
6.271046e0,3.957203e1,6.790437e2,8.666480e1
6.287724e0,4.180188e1,6.788588e2,8.647636e1
6.304403e0,4.386251e1,6.787589e2,8.630259e1
6.321081e0,4.615799e1,6.785578e2,8.610853e1
6.337759e0,4.822238e1,6.783261e2,8.593367e1
6.354437e0,5.046230e1,6.782216e2,8.574481e1
6.371116e0,5.279455e1,6.779705e2,8.554728e1
6.387794e0,5.487190e1,6.777611e2,8.537140e1
6.404472e0,5.699167e1,6.774736e2,8.519138e1
6.421151e0,5.925704e1,6.771809e2,8.499904e1
6.437829e0,6.129087e1,6.769916e2,8.482688e1
6.454507e0,6.348027e1,6.768042e2,8.464167e1
6.471186e0,6.560460e1,6.765500e2,8.446138e1
6.487864e0,6.780994e1,6.762884e2,8.427422e1
6.504542e0,6.978603e1,6.760605e2,8.410654e1
6.521221e0,7.187338e1,6.758351e2,8.392955e1
6.537899e0,7.402955e1,6.756062e2,8.374676e1
6.554577e0,7.601928e1,6.753369e2,8.357754e1
6.571256e0,7.813481e1,6.751106e2,8.339817e1
6.587934e0,8.017174e1,6.748898e2,8.322545e1
6.604612e0,8.234234e1,6.746916e2,8.304178e1
6.621290e0,8.430932e1,6.742498e2,8.287263e1
6.637969e0,8.651925e1,6.739440e2,8.268452e1
6.654647e0,8.860700e1,6.736962e2,8.250726e1
6.671325e0,9.062560e1,6.733976e2,8.233521e1
6.688004e0,9.267059e1,6.731111e2,8.216108e1
6.704682e0,9.466585e1,6.727974e2,8.199079e1
6.721360e0,9.668464e1,6.724254e2,8.181781e1
6.738039e0,9.873054e1,6.720541e2,8.164254e1
6.754717e0,1.006982e2,6.718086e2,8.147533e1
6.771395e0,1.027889e2,6.714361e2,8.129627e1
6.788074e0,1.047812e2,6.710036e2,8.112460e1
6.804752e0,1.067884e2,6.707445e2,8.095393e1
6.821430e0,1.087786e2,6.702100e2,8.078099e1
6.838109e0,1.107846e2,6.699748e2,8.061074e1
6.854787e0,1.126625e2,6.696297e2,8.044966e1
6.871465e0,1.145727e2,6.692161e2,8.028491e1
6.888143e0,1.166132e2,6.689660e2,8.011164e1
6.904822e0,1.183605e2,6.683875e2,7.995796e1
6.921500e0,1.202807e2,6.679291e2,7.979159e1
6.938178e0,1.220175e2,6.677263e2,7.964427e1
6.954857e0,1.234802e2,6.674505e2,7.951863e1
6.971535e0,1.245809e2,6.671692e2,7.942293e1
6.988213e0,1.254917e2,6.670366e2,7.934530e1
7.004892e0,1.258904e2,6.669347e2,7.931063e1
7.021570e0,1.259954e2,6.669147e2,7.930161e1
7.038248e0,1.259885e2,6.669196e2,7.930226e1
7.054927e0,1.259792e2,6.669268e2,7.930315e1
7.071605e0,1.259717e2,6.669324e2,7.930386e1
7.088283e0,1.259637e2,6.669324e2,7.930452e1
7.104962e0,1.259592e2,6.669366e2,7.930496e1
7.121640e0,1.259555e2,6.669406e2,7.930533e1
7.138318e0,1.259517e2,6.669442e2,7.930570e1
7.154997e0,1.259476e2,6.669466e2,7.930607e1
7.171675e0,1.259459e2,6.669487e2,7.930625e1
7.188353e0,1.259448e2,6.669502e2,7.930636e1
7.205031e0,1.259441e2,6.669511e2,7.930644e1
7.221710e0,1.259446e2,6.669542e2,7.930644e1
7.238388e0,1.259446e2,6.669577e2,7.930650e1
7.255066e0,1.259438e2,6.669577e2,7.930657e1
7.271745e0,1.259433e2,6.669578e2,7.930661e1
7.288423e0,1.259424e2,6.669626e2,7.930676e1
7.305101e0,1.259422e2,6.669624e2,7.930677e1
7.321780e0,1.259384e2,6.669637e2,7.930711e1
7.338458e0,1.259363e2,6.669651e2,7.930730e1
7.355136e0,1.259363e2,6.669644e2,7.930729e1
7.371815e0,1.259364e2,6.669642e2,7.930728e1
7.388493e0,1.257205e2,6.669716e2,7.932531e1
7.405171e0,1.251287e2,6.670509e2,7.937565e1
7.421850e0,1.241209e2,6.672396e2,7.946221e1
7.438528e0,1.228572e2,6.674443e2,7.957025e1
7.455206e0,1.213000e2,6.678343e2,7.970549e1
7.471884e0,1.194866e2,6.682048e2,7.986168e1
7.488563e0,1.175319e2,6.684487e2,8.002774e1
7.505241e0,1.156683e2,6.688931e2,8.018915e1
7.521919e0,1.137071e2,6.692387e2,8.035723e1
7.538598e0,1.117405e2,6.696593e2,8.052681e1
7.555276e0,1.098010e2,6.699894e2,8.069283e1
7.571954e0,1.077534e2,6.703128e2,8.086777e1
7.588633e0,1.058723e2,6.707523e2,8.103037e1
7.605311e0,1.039740e2,6.710496e2,8.119249e1
7.621989e0,1.019467e2,6.712379e2,8.136399e1
7.638668e0,9.992318e1,6.717288e2,8.153900e1
7.655346e0,9.799786e1,6.721171e2,8.170446e1
7.672024e0,9.593618e1,6.724189e2,8.188022e1
7.688703e0,9.395399e1,6.727083e2,8.204920e1
7.705381e0,9.193093e1,6.729671e2,8.222124e1
7.722059e0,8.973761e1,6.734222e2,8.240971e1
7.738737e0,8.771676e1,6.735887e2,8.258052e1
7.755416e0,8.572145e1,6.739862e2,8.275171e1
7.772094e0,8.364032e1,6.742689e2,8.292881e1
7.788772e0,8.162351e1,6.744886e2,8.309988e1
7.805451e0,7.965420e1,6.747452e2,8.326735e1
7.822129e0,7.742756e1,6.750540e2,8.345686e1
7.838807e0,7.535391e1,6.753511e2,8.363342e1
7.855486e0,7.334526e1,6.756269e2,8.380430e1
7.872164e0,7.111404e1,6.759082e2,8.399386e1
7.888842e0,6.900271e1,6.761596e2,8.417309e1
7.905521e0,6.699668e1,6.763729e2,8.434314e1
7.922199e0,6.460215e1,6.766730e2,8.454648e1
7.938877e0,6.256439e1,6.769499e2,8.471967e1
7.955556e0,6.055832e1,6.771784e2,8.488978e1
7.972234e0,5.833666e1,6.773342e2,8.507744e1
7.988912e0,5.606741e1,6.776207e2,8.527003e1
8.005590e0,5.404338e1,6.779166e2,8.544203e1
8.022269e0,5.191742e1,6.781082e2,8.562185e1
8.038947e0,4.960153e1,6.783191e2,8.581774e1
8.055625e0,4.762843e1,6.783567e2,8.598377e1
8.072304e0,4.546079e1,6.785955e2,8.616734e1
8.088982e0,4.321570e1,6.788654e2,8.635754e1
8.105660e0,4.107162e1,6.790494e2,8.653874e1
8.122339e0,3.884488e1,6.792834e2,8.672710e1
8.139017e0,3.660269e1,6.792725e2,8.691559e1
8.155695e0,3.427901e1,6.793545e2,8.711141e1
8.172374e0,3.218784e1,6.795326e2,8.728806e1
8.189052e0,2.999164e1,6.797905e2,8.747381e1
8.205730e0,2.783391e1,6.799163e2,8.765578e1
8.222409e0,2.558994e1,6.800595e2,8.784504e1
8.239087e0,2.338524e1,6.801077e2,8.803068e1
8.255765e0,2.113805e1,6.803202e2,8.822035e1
8.272444e0,1.897493e1,6.803140e2,8.840235e1
8.289122e0,1.667599e1,6.804009e2,8.859602e1
8.305800e0,1.461788e1,6.804961e2,8.876941e1
8.322478e0,1.228062e1,6.806048e2,8.896628e1
8.339157e0,1.000691e1,6.806933e2,8.915775e1
8.355835e0,7.834300e0,6.808645e2,8.934076e1
8.372513e0,5.598356e0,6.808897e2,8.952892e1
8.389192e0,3.387441e0,6.810086e2,8.971500e1
8.405870e0,1.086060e0,6.810124e2,8.990863e1
8.422548e0,-1.151548e0,6.810440e2,9.009688e1
8.439227e0,-3.417126e0,6.810827e2,9.028746e1
8.455905e0,-5.544894e0,6.812063e2,9.046637e1
8.472583e0,-7.713669e0,6.811154e2,9.064885e1
8.489262e0,-1.001429e1,6.811194e2,9.084234e1
8.505940e0,-1.226422e1,6.811311e2,9.103154e1
8.522618e0,-1.468076e1,6.810983e2,9.123479e1
8.539297e0,-1.685174e1,6.810991e2,9.141732e1
8.555975e0,-1.909002e1,6.810889e2,9.160550e1
8.572653e0,-2.131359e1,6.810863e2,9.179240e1
8.589331e0,-2.360322e1,6.809985e2,9.198506e1
8.606010e0,-2.568211e1,6.809439e2,9.215991e1
8.622688e0,-2.798213e1,6.809203e2,9.235322e1
8.639366e0,-3.020017e1,6.808889e2,9.253963e1
8.656045e0,-3.222787e1,6.808842e2,9.270992e1
8.672723e0,-3.444979e1,6.808251e2,9.289670e1
8.689401e0,-3.675959e1,6.807330e2,9.309097e1
8.706080e0,-3.880607e1,6.806812e2,9.326294e1
8.722758e0,-4.108552e1,6.806537e2,9.345429e1
8.739436e0,-4.329864e1,6.804876e2,9.364076e1
8.756115e0,-4.563883e1,6.802869e2,9.383809e1
8.772793e0,-4.778634e1,6.801729e2,9.401878e1
8.789471e0,-5.006797e1,6.801207e2,9.421031e1
8.806150e0,-5.213631e1,6.799998e2,9.438435e1
8.822828e0,-5.424118e1,6.798752e2,9.456146e1
8.839506e0,-5.645811e1,6.797268e2,9.474809e1
8.856184e0,-5.862481e1,6.796619e2,9.492989e1
8.872863e0,-6.077692e1,6.794427e2,9.511157e1
8.889541e0,-6.283174e1,6.791744e2,9.528550e1
8.906219e0,-6.500693e1,6.791105e2,9.546790e1
8.922898e0,-6.706802e1,6.790483e2,9.564068e1
8.939576e0,-6.927662e1,6.788534e2,9.582683e1
8.956254e0,-7.132235e1,6.786591e2,9.599937e1
8.972933e0,-7.340533e1,6.784194e2,9.617541e1
8.989611e0,-7.560021e1,6.782619e2,9.636003e1
9.006289e0,-7.763359e1,6.780204e2,9.653194e1
9.022968e0,-7.982460e1,6.778909e2,9.671590e1
9.039646e0,-8.180925e1,6.776680e2,9.688353e1
9.056324e0,-8.386878e1,6.773964e2,9.705790e1
9.073003e0,-8.600544e1,6.771945e2,9.723796e1
9.089681e0,-8.801003e1,6.769583e2,9.740737e1
9.106359e0,-8.999477e1,6.767408e2,9.757490e1
9.123038e0,-9.203576e1,6.764650e2,9.774775e1
9.139716e0,-9.402041e1,6.761679e2,9.791616e1
9.156394e0,-9.604739e1,6.759492e2,9.808717e1
9.173072e0,-9.803751e1,6.757581e2,9.825475e1
9.189751e0,-1.000616e2,6.754677e2,9.842633e1
9.206429e0,-1.020499e2,6.751578e2,9.859518e1
9.223107e0,-1.039746e2,6.749365e2,9.875762e1
9.239786e0,-1.059214e2,6.747258e2,9.892173e1
9.256464e0,-1.077729e2,6.744568e2,9.907866e1
9.273142e0,-1.097601e2,6.741315e2,9.924758e1
9.289821e0,-1.117086e2,6.739125e2,9.941185e1
9.306499e0,-1.134097e2,6.736876e2,9.955567e1
9.323177e0,-1.152054e2,6.733438e2,9.970898e1
9.339856e0,-1.170946e2,6.729943e2,9.987011e1
9.356534e0,-1.188536e2,6.727566e2,1.000189e2
9.373212e0,-1.209302e2,6.724950e2,1.001942e2
9.389891e0,-1.224365e2,6.721812e2,1.003231e2
9.406569e0,-1.234155e2,6.718907e2,1.004083e2
9.423247e0,-1.243026e2,6.717291e2,1.004839e2
9.439925e0,-1.248877e2,6.716753e2,1.005330e2
9.456604e0,-1.252272e2,6.716983e2,1.005606e2
9.473282e0,-1.252068e2,6.717310e2,1.005584e2
9.489960e0,-1.251922e2,6.717576e2,1.005568e2
9.506639e0,-1.251791e2,6.717791e2,1.005554e2
9.523317e0,-1.251800e2,6.718946e2,1.005537e2
9.539995e0,-1.251802e2,6.719920e2,1.005522e2
9.556674e0,-1.251715e2,6.719887e2,1.005516e2
9.573352e0,-1.251653e2,6.719886e2,1.005511e2
9.590030e0,-1.251595e2,6.719839e2,1.005507e2
9.606709e0,-1.251587e2,6.719842e2,1.005506e2
9.623387e0,-1.251667e2,6.719650e2,1.005515e2
9.640065e0,-1.251629e2,6.719662e2,1.005512e2
9.656744e0,-1.251604e2,6.719656e2,1.005510e2
9.673422e0,-1.251575e2,6.719655e2,1.005508e2
9.690100e0,-1.251395e2,6.719640e2,1.005493e2
9.706778e0,-1.251123e2,6.719083e2,1.005479e2
9.723457e0,-1.251035e2,6.718936e2,1.005474e2
9.740135e0,-1.250939e2,6.718783e2,1.005469e2
9.756813e0,-1.251577e2,6.719813e2,1.005505e2
9.773492e0,-1.251520e2,6.719767e2,1.005501e2
9.790170e0,-1.250845e2,6.719112e2,1.005456e2
9.806848e0,-1.250887e2,6.719174e2,1.005458e2
9.823527e0,-1.251531e2,6.719847e2,1.005501e2
9.840205e0,-1.251478e2,6.719804e2,1.005497e2
9.856883e0,-1.251464e2,6.719799e2,1.005496e2
9.873562e0,-1.248726e2,6.720381e2,1.005262e2
9.890240e0,-1.242251e2,6.721924e2,1.004705e2
9.906918e0,-1.233351e2,6.722691e2,1.003959e2
9.923597e0,-1.219999e2,6.724792e2,1.002827e2
9.940275e0,-1.203350e2,6.727210e2,1.001417e2
9.956953e0,-1.186284e2,6.729309e2,9.999773e1
9.973631e0,-1.168818e2,6.732004e2,9.984957e1
9.990310e0,-1.149379e2,6.734734e2,9.968503e1
1.000699e1,-1.130806e2,6.737717e2,9.952728e1
1.002367e1,-1.112891e2,6.740585e2,9.937513e1
1.004034e1,-1.093403e2,6.742726e2,9.921093e1
1.005702e1,-1.072907e2,6.745466e2,9.903753e1
1.007370e1,-1.052918e2,6.748668e2,9.886772e1
1.009038e1,-1.033263e2,6.751028e2,9.870174e1
1.010706e1,-1.014768e2,6.753469e2,9.854527e1
1.012374e1,-9.940885e1,6.756434e2,9.837000e1
1.014041e1,-9.738189e1,6.759051e2,9.819854e1
1.015709e1,-9.539457e1,6.761186e2,9.803094e1
1.017377e1,-9.339657e1,6.763391e2,9.786233e1
1.019045e1,-9.134305e1,6.766083e2,9.768852e1
1.020713e1,-8.940361e1,6.769134e2,9.752382e1
1.022381e1,-8.741258e1,6.771250e2,9.735584e1
1.024048e1,-8.539100e1,6.772425e2,9.718629e1
1.025716e1,-8.333655e1,6.774875e2,9.701263e1
1.027384e1,-8.112598e1,6.777270e2,9.682600e1
1.029052e1,-7.914675e1,6.779816e2,9.665850e1
1.030720e1,-7.712831e1,6.781489e2,9.648857e1
1.032388e1,-7.502614e1,6.782816e2,9.631195e1
1.034055e1,-7.295146e1,6.784161e2,9.613755e1
1.035723e1,-7.080181e1,6.784781e2,9.595747e1
1.037391e1,-6.870636e1,6.785765e2,9.578154e1
1.039059e1,-6.653966e1,6.788648e2,9.559803e1
1.040727e1,-6.445046e1,6.790369e2,9.542196e1
1.042395e1,-6.244514e1,6.792471e2,9.525260e1
1.044062e1,-6.016721e1,6.793586e2,9.506118e1
1.045730e1,-5.799382e1,6.794126e2,9.487887e1
1.047398e1,-5.585995e1,6.796127e2,9.469880e1
1.049066e1,-5.362017e1,6.796802e2,9.451074e1
1.050734e1,-5.164848e1,6.798989e2,9.434413e1
1.052402e1,-4.946778e1,6.799961e2,9.416078e1
1.054069e1,-4.721101e1,6.801434e2,9.397072e1
1.055737e1,-4.507686e1,6.802213e2,9.379133e1
1.057405e1,-4.295752e1,6.803473e2,9.361289e1
1.059073e1,-4.080550e1,6.803250e2,9.343246e1
1.060741e1,-3.874657e1,6.803437e2,9.325956e1
1.062409e1,-3.662126e1,6.803867e2,9.308093e1
1.064076e1,-3.420070e1,6.805530e2,9.287694e1
1.065744e1,-3.217080e1,6.806899e2,9.270590e1
1.067412e1,-2.985849e1,6.808236e2,9.251118e1
1.069080e1,-2.758149e1,6.808498e2,9.231981e1
1.070748e1,-2.534518e1,6.809008e2,9.213174e1
1.072416e1,-2.313265e1,6.809197e2,9.194574e1
1.074083e1,-2.080005e1,6.809271e2,9.174965e1
1.075751e1,-1.871514e1,6.809312e2,9.157436e1
1.077419e1,-1.648959e1,6.809548e2,9.138717e1
1.079087e1,-1.437509e1,6.811458e2,9.120901e1
1.080755e1,-1.211245e1,6.811222e2,9.101879e1
1.082423e1,-1.001091e1,6.810966e2,9.084209e1
1.084090e1,-7.661868e0,6.810682e2,9.064454e1
1.085758e1,-5.405211e0,6.810838e2,9.045470e1
1.087426e1,-3.138949e0,6.810527e2,9.026407e1
1.089094e1,-9.091745e-1,6.810005e2,9.007649e1
1.090762e1,1.331528e0,6.809498e2,8.988796e1
1.092430e1,3.615012e0,6.809467e2,8.969583e1
1.094097e1,5.868238e0,6.808826e2,8.950620e1
1.095765e1,8.083119e0,6.808735e2,8.931983e1
1.097433e1,1.030787e1,6.808644e2,8.913264e1
1.099101e1,1.256414e1,6.808621e2,8.894282e1
1.100769e1,1.461210e1,6.806616e2,8.877019e1
1.102437e1,1.689101e1,6.805580e2,8.857825e1
1.104104e1,1.909513e1,6.804519e2,8.839256e1
1.105772e1,2.129972e1,6.803854e2,8.820692e1
1.107440e1,2.357345e1,6.801318e2,8.801492e1
1.109108e1,2.591478e1,6.800151e2,8.781756e1
1.110776e1,2.805471e1,6.799116e2,8.763719e1
1.112444e1,3.027908e1,6.798063e2,8.744969e1
1.114111e1,3.254464e1,6.797072e2,8.725875e1
1.115779e1,3.477463e1,6.795855e2,8.707071e1
1.117447e1,3.689341e1,6.794403e2,8.689191e1
1.119115e1,3.901302e1,6.791346e2,8.671225e1
1.120783e1,4.110915e1,6.789158e2,8.653490e1
1.122451e1,4.335174e1,6.789186e2,8.634639e1
1.124118e1,4.554009e1,6.787142e2,8.616134e1
1.125786e1,4.773940e1,6.784664e2,8.597509e1
1.127454e1,4.988753e1,6.781621e2,8.579274e1
1.129122e1,5.212092e1,6.779974e2,8.560404e1
1.130790e1,5.421138e1,6.777927e2,8.542709e1
1.132457e1,5.646262e1,6.776499e2,8.523705e1
1.134125e1,5.869424e1,6.773502e2,8.504754e1
1.135793e1,6.082880e1,6.771042e2,8.486652e1
1.137461e1,6.292826e1,6.769132e2,8.468885e1
1.139129e1,6.497128e1,6.767015e2,8.451574e1
1.140797e1,6.712508e1,6.763993e2,8.433259e1
1.142464e1,6.911706e1,6.761145e2,8.416311e1
1.144132e1,7.111212e1,6.758950e2,8.399391e1
1.145800e1,7.333090e1,6.756291e2,8.380552e1
1.147468e1,7.527729e1,6.753542e2,8.363987e1
1.149136e1,7.725685e1,6.750792e2,8.347141e1
1.150804e1,7.962956e1,6.747964e2,8.326992e1
1.152471e1,8.168043e1,6.745393e2,8.309563e1
1.154139e1,8.379139e1,6.742026e2,8.291548e1
1.155807e1,8.602132e1,6.739659e2,8.272641e1
1.157475e1,8.787693e1,6.736875e2,8.256820e1
1.159143e1,9.002889e1,6.734492e2,8.238566e1
1.160811e1,9.202289e1,6.729486e2,8.221334e1
1.162478e1,9.402506e1,6.727260e2,8.204347e1
1.164146e1,9.599005e1,6.724485e2,8.187608e1
1.165814e1,9.796582e1,6.719869e2,8.170555e1
1.167482e1,9.992192e1,6.716165e2,8.153771e1
1.169150e1,1.020715e2,6.714385e2,8.135613e1
1.170818e1,1.040319e2,6.709907e2,8.118690e1
1.172485e1,1.059923e2,6.704844e2,8.101684e1
1.174153e1,1.080276e2,6.702178e2,8.084366e1
1.175821e1,1.100623e2,6.698163e2,8.066871e1
1.177489e1,1.118454e2,6.695295e2,8.051627e1
1.179157e1,1.138259e2,6.690962e2,8.034534e1
1.180825e1,1.158541e2,6.688528e2,8.017312e1
1.182492e1,1.177734e2,6.685412e2,8.000901e1
1.184160e1,1.195934e2,6.680547e2,7.985057e1
1.185828e1,1.213723e2,6.677780e2,7.969863e1
1.187496e1,1.228412e2,6.675190e2,7.957272e1
1.189164e1,1.240756e2,6.671345e2,7.946434e1
1.190832e1,1.250086e2,6.669946e2,7.938473e1
1.192499e1,1.254690e2,6.669364e2,7.934562e1
1.194167e1,1.259691e2,6.668599e2,7.930293e1
1.195835e1,1.258766e2,6.668583e2,7.931058e1
1.197503e1,1.258694e2,6.668741e2,7.931143e1
1.199171e1,1.258746e2,6.668799e2,7.931109e1
1.200839e1,1.258793e2,6.668830e2,7.931075e1
1.202506e1,1.258821e2,6.668861e2,7.931057e1
1.204174e1,1.258854e2,6.668919e2,7.931038e1
1.205842e1,1.258890e2,6.668960e2,7.931015e1
1.207510e1,1.258916e2,6.668998e2,7.930999e1
1.209178e1,1.258939e2,6.669035e2,7.930986e1
1.210846e1,1.258939e2,6.669069e2,7.930991e1
1.212513e1,1.258943e2,6.669083e2,7.930990e1
1.214181e1,1.258946e2,6.669090e2,7.930988e1
1.215849e1,1.259020e2,6.669108e2,7.930930e1
1.217517e1,1.259074e2,6.669133e2,7.930889e1
1.219185e1,1.259074e2,6.669134e2,7.930889e1
1.220853e1,1.259076e2,6.669139e2,7.930888e1
1.222520e1,1.259079e2,6.669142e2,7.930887e1
1.224188e1,1.259082e2,6.669145e2,7.930884e1
1.225856e1,1.259085e2,6.669147e2,7.930882e1
1.227524e1,1.259088e2,6.669149e2,7.930880e1
1.229192e1,1.259092e2,6.669152e2,7.930877e1
1.230860e1,1.259094e2,6.669154e2,7.930876e1
1.232527e1,1.255449e2,6.670300e2,7.934078e1
1.234195e1,1.249160e2,6.671127e2,7.939425e1
1.235863e1,1.238933e2,6.672826e2,7.948176e1
1.237531e1,1.226412e2,6.673834e2,7.958726e1
1.239199e1,1.209492e2,6.678650e2,7.973508e1
1.240867e1,1.189719e2,6.681406e2,7.990349e1
1.242534e1,1.171091e2,6.686860e2,8.006635e1
1.244202e1,1.150786e2,6.689655e2,8.023924e1
1.245870e1,1.130439e2,6.693092e2,8.041342e1
1.247538e1,1.112517e2,6.696746e2,8.056771e1
1.249206e1,1.092013e2,6.701333e2,8.074474e1
1.250874e1,1.071864e2,6.704008e2,8.091620e1
1.252541e1,1.052355e2,6.706989e2,8.108275e1
1.254209e1,1.033290e2,6.710364e2,8.124611e1
1.255877e1,1.012179e2,6.713323e2,8.142600e1
1.257545e1,9.934029e1,6.716624e2,8.158683e1
1.259213e1,9.724521e1,6.720535e2,8.176653e1
1.260881e1,9.518153e1,6.723373e2,8.194229e1
1.262548e1,9.330349e1,6.727573e2,8.210412e1
1.264216e1,9.119535e1,6.730308e2,8.228345e1
1.265884e1,8.902678e1,6.733795e2,8.246866e1
1.267552e1,8.699995e1,6.736525e2,8.264117e1
1.269220e1,8.497907e1,6.739529e2,8.281347e1
1.270887e1,8.293264e1,6.743346e2,8.298872e1
1.272555e1,8.080629e1,6.745980e2,8.316941e1
1.274223e1,7.876264e1,6.749005e2,8.334354e1
1.275891e1,7.666847e1,6.753130e2,8.352293e1
1.277559e1,7.474610e1,6.754963e2,8.368570e1
1.279227e1,7.272119e1,6.756918e2,8.385720e1
1.280894e1,7.054050e1,6.759915e2,8.404268e1
1.282562e1,6.856432e1,6.762122e2,8.421030e1
1.284230e1,6.630002e1,6.764327e2,8.440208e1
1.285898e1,6.405245e1,6.767009e2,8.459283e1
1.287566e1,6.202679e1,6.769648e2,8.476490e1
1.289234e1,5.979999e1,6.772096e2,8.495367e1
1.290901e1,5.765939e1,6.773916e2,8.513473e1
1.292569e1,5.571792e1,6.776682e2,8.529971e1
1.294237e1,5.341388e1,6.778486e2,8.549445e1
1.295905e1,5.106927e1,6.780718e2,8.569288e1
1.297573e1,4.902449e1,6.782704e2,8.586593e1
1.299241e1,4.690282e1,6.784151e2,8.604510e1
1.300908e1,4.479099e1,6.785793e2,8.622356e1
1.302576e1,4.264101e1,6.788956e2,8.640601e1
1.304244e1,4.045654e1,6.790971e2,8.659069e1
1.305912e1,3.808820e1,6.791761e2,8.679021e1
1.307580e1,3.596068e1,6.792887e2,8.696966e1
1.309248e1,3.389538e1,6.794096e2,8.714391e1
1.310915e1,3.165140e1,6.795994e2,8.733346e1
1.312583e1,2.941868e1,6.797717e2,8.752194e1
1.314251e1,2.712417e1,6.799285e2,8.771553e1
1.315919e1,2.497893e1,6.800279e2,8.789635e1
1.317587e1,2.285338e1,6.801289e2,8.807550e1
1.319255e1,2.060803e1,6.804755e2,8.826534e1
1.320922e1,1.835696e1,6.805006e2,8.845478e1
1.322590e1,1.615297e1,6.805550e2,8.864034e1
1.324258e1,1.395350e1,6.807037e2,8.882568e1
1.325926e1,1.174212e1,6.808342e2,8.901194e1
1.327594e1,9.488079e0,6.809575e2,8.920172e1
1.329262e1,7.204116e0,6.810010e2,8.939391e1
1.330929e1,4.962058e0,6.810211e2,8.958254e1
1.332597e1,2.819165e0,6.811083e2,8.976285e1
1.334265e1,6.156361e-1,6.810888e2,8.994821e1
1.335933e1,-1.652012e0,6.809652e2,9.013900e1
1.337601e1,-3.901116e0,6.810428e2,9.032820e1
1.339269e1,-5.930145e0,6.810304e2,9.049890e1
1.340936e1,-8.376067e0,6.810536e2,9.070463e1
1.342604e1,-1.055720e1,6.810362e2,9.088811e1
1.344272e1,-1.292155e1,6.810390e2,9.108696e1
1.345940e1,-1.514059e1,6.810425e2,9.127356e1
1.347608e1,-1.736296e1,6.810482e2,9.146041e1
1.349276e1,-1.962561e1,6.810313e2,9.165066e1
1.350943e1,-2.193165e1,6.810394e2,9.184447e1
1.352611e1,-2.400558e1,6.810220e2,9.201880e1
1.354279e1,-2.630882e1,6.810127e2,9.221235e1
1.355947e1,-2.851658e1,6.809902e2,9.239787e1
1.357615e1,-3.069863e1,6.809282e2,9.258135e1
1.359283e1,-3.285554e1,6.808971e2,9.276257e1
1.360950e1,-3.514799e1,6.808765e2,9.295508e1
1.362618e1,-3.722517e1,6.808061e2,9.312971e1
1.364286e1,-3.933281e1,6.807419e2,9.330683e1
1.365954e1,-4.166278e1,6.806509e2,9.350272e1
1.367622e1,-4.382021e1,6.805456e2,9.368418e1
1.369290e1,-4.612612e1,6.804339e2,9.387811e1
1.370957e1,-4.839548e1,6.802480e2,9.406939e1
1.372625e1,-5.047305e1,6.801343e2,9.424416e1
1.374293e1,-5.265485e1,6.799941e2,9.442782e1
1.375961e1,-5.488745e1,6.798140e2,9.461599e1
1.377629e1,-5.691798e1,6.797584e2,9.478636e1
1.379297e1,-5.906420e1,6.796451e2,9.496678e1
1.380964e1,-6.133456e1,6.795867e2,9.515713e1
1.382632e1,-6.337618e1,6.793276e2,9.532984e1
1.384300e1,-6.539146e1,6.792317e2,9.549907e1
1.385968e1,-6.771681e1,6.790491e2,9.569488e1
1.387636e1,-6.973906e1,6.788352e2,9.586561e1
1.389304e1,-7.194152e1,6.786935e2,9.605076e1
1.390971e1,-7.396380e1,6.785319e2,9.622100e1
1.392639e1,-7.614254e1,6.783540e2,9.640442e1
1.394307e1,-7.822940e1,6.780877e2,9.658099e1
1.395975e1,-8.030861e1,6.779220e2,9.675594e1
1.397643e1,-8.216371e1,6.777595e2,9.691215e1
1.399311e1,-8.433489e1,6.775704e2,9.709492e1
1.400978e1,-8.637953e1,6.772946e2,9.726805e1
1.402646e1,-8.831171e1,6.770024e2,9.743199e1
1.404314e1,-9.025910e1,6.768649e2,9.759551e1
1.405982e1,-9.221673e1,6.766058e2,9.776120e1
1.407650e1,-9.430482e1,6.764204e2,9.793687e1
1.409317e1,-9.626165e1,6.761319e2,9.810281e1
1.410985e1,-9.824889e1,6.759170e2,9.827039e1
1.412653e1,-1.001875e2,6.757011e2,9.843391e1
1.414321e1,-1.022535e2,6.754163e2,9.860883e1
1.415989e1,-1.042165e2,6.751178e2,9.877536e1
1.417657e1,-1.059910e2,6.748500e2,9.892588e1
1.419324e1,-1.079700e2,6.745908e2,9.909322e1
1.420992e1,-1.100185e2,6.742991e2,9.926671e1
1.422660e1,-1.117913e2,6.740179e2,9.941724e1
1.424328e1,-1.136147e2,6.736931e2,9.957255e1
1.425996e1,-1.157331e2,6.733908e2,9.975194e1
1.427664e1,-1.174487e2,6.731688e2,9.989686e1
1.429331e1,-1.191588e2,6.729090e2,1.000418e2
1.430999e1,-1.211168e2,6.726291e2,1.002076e2
1.432667e1,-1.225332e2,6.722681e2,1.003298e2
1.434335e1,-1.235206e2,6.721854e2,1.004125e2
1.436003e1,-1.243103e2,6.720348e2,1.004799e2
1.437671e1,-1.248796e2,6.718765e2,1.005292e2
1.439338e1,-1.251164e2,6.719037e2,1.005483e2
1.441006e1,-1.251129e2,6.719133e2,1.005479e2
1.442674e1,-1.251031e2,6.719163e2,1.005470e2
1.444342e1,-1.250954e2,6.719173e2,1.005464e2
1.446010e1,-1.250891e2,6.719189e2,1.005459e2
1.447678e1,-1.250817e2,6.719199e2,1.005452e2
1.449345e1,-1.250826e2,6.719242e2,1.005452e2
1.451013e1,-1.250831e2,6.719270e2,1.005452e2
1.452681e1,-1.250837e2,6.719290e2,1.005453e2
1.454349e1,-1.250840e2,6.719307e2,1.005453e2
1.456017e1,-1.250880e2,6.719306e2,1.005456e2
1.457685e1,-1.250880e2,6.719311e2,1.005456e2
1.459352e1,-1.250900e2,6.719315e2,1.005457e2
1.461020e1,-1.250914e2,6.719310e2,1.005459e2
1.462688e1,-1.250893e2,6.719326e2,1.005457e2
1.464356e1,-1.250879e2,6.719346e2,1.005455e2
1.466024e1,-1.250875e2,6.719329e2,1.005455e2
1.467692e1,-1.250879e2,6.719310e2,1.005456e2
1.469359e1,-1.250878e2,6.719316e2,1.005456e2
1.471027e1,-1.250871e2,6.719328e2,1.005455e2
1.472695e1,-1.250866e2,6.719334e2,1.005454e2
1.474363e1,-1.250868e2,6.719338e2,1.005454e2
1.476031e1,-1.250868e2,6.719338e2,1.005454e2
1.477699e1,-1.250868e2,6.719338e2,1.005454e2
1.479366e1,-1.250868e2,6.719338e2,1.005454e2
1.481034e1,-1.247125e2,6.719423e2,1.005145e2
1.482702e1,-1.240382e2,6.721456e2,1.004558e2
1.484370e1,-1.232019e2,6.721737e2,1.003864e2
1.486038e1,-1.219707e2,6.723763e2,1.002818e2
1.487706e1,-1.202724e2,6.727222e2,1.001365e2
1.489373e1,-1.184234e2,6.729845e2,9.998002e1
1.491041e1,-1.166407e2,6.731407e2,9.983051e1
1.492709e1,-1.147999e2,6.733895e2,9.967481e1
1.494377e1,-1.129508e2,6.737060e2,9.951746e1
1.496045e1,-1.110975e2,6.740354e2,9.935959e1
1.497713e1,-1.092190e2,6.743336e2,9.920007e1
1.499380e1,-1.071591e2,6.745769e2,9.902623e1
1.501048e1,-1.051732e2,6.748827e2,9.885768e1
1.502716e1,-1.033003e2,6.751555e2,9.869892e1
1.504384e1,-1.013993e2,6.753507e2,9.853879e1
1.506052e1,-9.930919e1,6.756246e2,9.836195e1
1.507720e1,-9.731285e1,6.758998e2,9.819287e1
1.509387e1,-9.532481e1,6.761448e2,9.802483e1
1.511055e1,-9.333991e1,6.763737e2,9.785722e1
1.512723e1,-9.125748e1,6.766402e2,9.768105e1
1.514391e1,-8.927741e1,6.769061e2,9.751340e1
1.516059e1,-8.728946e1,6.771170e2,9.734568e1
1.517727e1,-8.531353e1,6.772710e2,9.717954e1
1.519394e1,-8.323500e1,6.774431e2,9.700462e1
1.521062e1,-8.102606e1,6.776518e2,9.681842e1
1.522730e1,-7.905659e1,6.779067e2,9.665171e1
1.524398e1,-7.707552e1,6.781097e2,9.648454e1
1.526066e1,-7.496545e1,6.782347e2,9.630731e1
1.527734e1,-7.288281e1,6.784365e2,9.613163e1
1.529401e1,-7.090126e1,6.784458e2,9.596606e1
1.531069e1,-6.845266e1,6.787755e2,9.575865e1
1.532737e1,-6.629667e1,6.789167e2,9.557729e1
1.534405e1,-6.441074e1,6.790084e2,9.541886e1
1.536073e1,-6.217182e1,6.792059e2,9.523005e1
1.537741e1,-6.007475e1,6.794667e2,9.505264e1
1.539408e1,-5.796637e1,6.795655e2,9.487548e1
1.541076e1,-5.569005e1,6.795982e2,9.468467e1
1.542744e1,-5.362580e1,6.797576e2,9.451070e1
1.544412e1,-5.157198e1,6.798955e2,9.433774e1
1.546080e1,-4.922791e1,6.800628e2,9.414027e1
1.547747e1,-4.710912e1,6.801144e2,9.396235e1
1.549415e1,-4.492339e1,6.801767e2,9.377871e1
1.551083e1,-4.272814e1,6.802564e2,9.359413e1
1.552751e1,-4.071764e1,6.803122e2,9.342515e1
1.554419e1,-3.869641e1,6.803548e2,9.325529e1
1.556087e1,-3.628370e1,6.804755e2,9.305218e1
1.557754e1,-3.409296e1,6.805604e2,9.286786e1
1.559422e1,-3.191789e1,6.807365e2,9.268448e1
1.561090e1,-2.959235e1,6.808317e2,9.248879e1
1.562758e1,-2.737890e1,6.809020e2,9.230261e1
1.564426e1,-2.525147e1,6.809337e2,9.212376e1
1.566094e1,-2.293636e1,6.809746e2,9.192909e1
1.567761e1,-2.060684e1,6.810151e2,9.173318e1
1.569429e1,-1.855189e1,6.809874e2,9.156050e1
1.571097e1,-1.630398e1,6.809863e2,9.137150e1
1.572765e1,-1.416015e1,6.809477e2,9.119128e1
1.574433e1,-1.197303e1,6.811503e2,9.100702e1
1.576101e1,-9.786961e0,6.810834e2,9.082327e1
1.577768e1,-7.571735e0,6.810314e2,9.063699e1
1.579436e1,-5.323417e0,6.810591e2,9.044784e1
1.581104e1,-3.083089e0,6.810281e2,9.025938e1
1.582772e1,-6.988245e-1,6.810226e2,9.005879e1
1.584440e1,1.429383e0,6.810233e2,8.987974e1
1.586108e1,3.725641e0,6.808602e2,8.968648e1
1.587775e1,5.990666e0,6.808619e2,8.949589e1
1.589443e1,8.212950e0,6.808571e2,8.930889e1
1.591111e1,1.036730e1,6.808511e2,8.912763e1
1.592779e1,1.258104e1,6.807794e2,8.894127e1
1.594447e1,1.476301e1,6.806410e2,8.875746e1
1.596115e1,1.702338e1,6.806101e2,8.856722e1
1.597782e1,1.929107e1,6.804342e2,8.837604e1
1.599450e1,2.129686e1,6.803002e2,8.820694e1
1.601118e1,2.363879e1,6.801767e2,8.800955e1
1.602786e1,2.591163e1,6.801320e2,8.781820e1
1.604454e1,2.814931e1,6.799196e2,8.762925e1
1.606122e1,3.025546e1,6.798175e2,8.745172e1
1.607789e1,3.266686e1,6.797322e2,8.724857e1
1.609457e1,3.483528e1,6.797111e2,8.706615e1
1.611125e1,3.693363e1,6.793659e2,8.688819e1
1.612793e1,3.907905e1,6.792165e2,8.670709e1
1.614461e1,4.122159e1,6.791122e2,8.652645e1
1.616129e1,4.337951e1,6.788767e2,8.634383e1
1.617796e1,4.555709e1,6.787737e2,8.616025e1
1.619464e1,4.768339e1,6.785547e2,8.598032e1
1.621132e1,4.993458e1,6.783465e2,8.578993e1
1.622800e1,5.212641e1,6.780750e2,8.560408e1
1.624468e1,5.428381e1,6.778843e2,8.542162e1
1.626136e1,5.645061e1,6.777298e2,8.523861e1
1.627803e1,5.869803e1,6.774224e2,8.504774e1
1.629471e1,6.082306e1,6.772190e2,8.486786e1
1.631139e1,6.291662e1,6.769420e2,8.469005e1
1.632807e1,6.505568e1,6.767478e2,8.450904e1
1.634475e1,6.710001e1,6.764279e2,8.433493e1
1.636143e1,6.909012e1,6.761205e2,8.416542e1
1.637810e1,7.133391e1,6.759155e2,8.397549e1
1.639478e1,7.330435e1,6.756897e2,8.380830e1
1.641146e1,7.528404e1,6.753904e2,8.363964e1
1.642814e1,7.755019e1,6.751324e2,8.344735e1
1.644482e1,7.961654e1,6.749101e2,8.327213e1
1.646150e1,8.182245e1,6.745822e2,8.308418e1
1.647817e1,8.393983e1,6.742410e2,8.290346e1
1.649485e1,8.596077e1,6.739860e2,8.273169e1
1.651153e1,8.804005e1,6.737066e2,8.255477e1
1.652821e1,9.001750e1,6.733545e2,8.238555e1
1.654489e1,9.203321e1,6.730026e2,8.221309e1
1.656157e1,9.404766e1,6.728788e2,8.204337e1
1.657824e1,9.604621e1,6.724302e2,8.187117e1
1.659492e1,9.804919e1,6.720108e2,8.169888e1
1.661160e1,1.000401e2,6.717057e2,8.152896e1
1.662828e1,1.021268e2,6.713578e2,8.135049e1
1.664496e1,1.040608e2,6.709189e2,8.118356e1
1.666164e1,1.060515e2,6.707086e2,8.101486e1
1.667831e1,1.081656e2,6.702674e2,8.083282e1
1.669499e1,1.100198e2,6.700910e2,8.067600e1
1.671167e1,1.119284e2,6.697204e2,8.051202e1
1.672835e1,1.140044e2,6.692540e2,8.033271e1
1.674503e1,1.157907e2,6.687950e2,8.017756e1
1.676171e1,1.176897e2,6.683816e2,8.001364e1
1.677838e1,1.197260e2,6.679888e2,7.983857e1
1.679506e1,1.215224e2,6.676596e2,7.968437e1
1.681174e1,1.230265e2,6.675339e2,7.955757e1
1.682842e1,1.241967e2,6.673077e2,7.945696e1
1.684510e1,1.250245e2,6.671048e2,7.938512e1
1.686177e1,1.256029e2,6.670413e2,7.933615e1
1.687845e1,1.259299e2,6.669727e2,7.930796e1
1.689513e1,1.259024e2,6.669778e2,7.931031e1
1.691181e1,1.258975e2,6.669803e2,7.931076e1
1.692849e1,1.258906e2,6.669823e2,7.931136e1
1.694517e1,1.258938e2,6.669824e2,7.931110e1
1.696184e1,1.259069e2,6.669878e2,7.931010e1
1.697852e1,1.259091e2,6.669881e2,7.930992e1
1.699520e1,1.259110e2,6.669888e2,7.930977e1
1.701188e1,1.259126e2,6.669894e2,7.930965e1
1.702856e1,1.259136e2,6.669893e2,7.930957e1
1.704524e1,1.259142e2,6.669891e2,7.930951e1
1.706191e1,1.259149e2,6.669888e2,7.930945e1
1.707859e1,1.259153e2,6.669886e2,7.930941e1
1.709527e1,1.259141e2,6.669915e2,7.930956e1
1.711195e1,1.259128e2,6.669926e2,7.930968e1
1.712863e1,1.259128e2,6.669939e2,7.930970e1
1.714531e1,1.259131e2,6.669949e2,7.930969e1
1.716198e1,1.259140e2,6.669942e2,7.930961e1
1.717866e1,1.259140e2,6.669944e2,7.930961e1
1.719534e1,1.259146e2,6.669933e2,7.930954e1
1.721202e1,1.259153e2,6.669935e2,7.930949e1
1.722870e1,1.259290e2,6.669817e2,7.930817e1
1.724538e1,1.259159e2,6.669943e2,7.930945e1
1.726205e1,1.259064e2,6.669794e2,7.931001e1
1.727873e1,1.258714e2,6.670511e2,7.931403e1
1.729541e1,1.258150e2,6.670968e2,7.931942e1
1.731209e1,1.257609e2,6.671440e2,7.932465e1
1.732877e1,1.257022e2,6.671360e2,7.932939e1
1.734545e1,1.256478e2,6.671307e2,7.933382e1
1.736212e1,1.255529e2,6.671514e2,7.934202e1
1.737880e1,1.254479e2,6.671198e2,7.935023e1
1.739548e1,1.251477e2,6.671935e2,7.937629e1
1.741216e1,1.249159e2,6.671960e2,7.939556e1
1.742884e1,1.248182e2,6.672050e2,7.940380e1
1.744552e1,1.247230e2,6.672142e2,7.941185e1
1.746219e1,1.245074e2,6.672325e2,7.943001e1
1.747887e1,1.242869e2,6.672008e2,7.944782e1
1.749555e1,1.239019e2,6.672728e2,7.948089e1
1.751223e1,1.237116e2,6.672748e2,7.949672e1
1.752891e1,1.233223e2,6.673983e2,7.953093e1
1.754559e1,1.230070e2,6.674544e2,7.955797e1
1.756226e1,1.227872e2,6.674319e2,7.957587e1
1.757894e1,1.223053e2,6.673964e2,7.961535e1
1.759562e1,1.220643e2,6.675717e2,7.963804e1
1.761230e1,1.217659e2,6.677526e2,7.966556e1
1.762898e1,1.212257e2,6.677504e2,7.971039e1
1.764566e1,1.208894e2,6.679525e2,7.974137e1
1.766233e1,1.205090e2,6.680506e2,7.977443e1
1.767901e1,1.201524e2,6.680131e2,7.980350e1
1.769569e1,1.198168e2,6.680803e2,7.983239e1
1.771237e1,1.193835e2,6.681397e2,7.986927e1
1.772905e1,1.189836e2,6.681949e2,7.990333e1
1.774573e1,1.186659e2,6.682796e2,7.993099e1
1.776240e1,1.183228e2,6.683152e2,7.996003e1
1.777908e1,1.179118e2,6.685285e2,7.999733e1
1.779576e1,1.176342e2,6.686600e2,8.002232e1
1.781244e1,1.171070e2,6.686740e2,8.006635e1
1.782912e1,1.168000e2,6.688455e2,8.009436e1
1.784580e1,1.162240e2,6.689253e2,8.014341e1
1.786247e1,1.158451e2,6.689862e2,8.017580e1
1.787915e1,1.155611e2,6.690437e2,8.020024e1
1.789583e1,1.151058e2,6.691675e2,8.023987e1
1.791251e1,1.146925e2,6.691432e2,8.027390e1
1.792919e1,1.142776e2,6.691920e2,8.030911e1
1.794587e1,1.139596e2,6.692349e2,8.033617e1
1.796254e1,1.136456e2,6.693306e2,8.036366e1
1.797922e1,1.130320e2,6.694414e2,8.041627e1
1.799590e1,1.127973e2,6.694791e2,8.043633e1
1.801258e1,1.124813e2,6.696149e2,8.046453e1
1.802926e1,1.120148e2,6.696697e2,8.050411e1
1.804594e1,1.117893e2,6.697172e2,8.052355e1
1.806261e1,1.113231e2,6.698170e2,8.056374e1
1.807929e1,1.110080e2,6.698750e2,8.059077e1
1.809597e1,1.106780e2,6.699612e2,8.061943e1
1.811265e1,1.102183e2,6.699605e2,8.065769e1
1.812933e1,1.098629e2,6.701114e2,8.068935e1
1.814601e1,1.094534e2,6.701669e2,8.072420e1
1.816268e1,1.090884e2,6.702341e2,8.075551e1
1.817936e1,1.086817e2,6.703029e2,8.079031e1
1.819604e1,1.083268e2,6.703804e2,8.082092e1
1.821272e1,1.078445e2,6.703923e2,8.086126e1
1.822940e1,1.074981e2,6.704203e2,8.089049e1
1.824608e1,1.071400e2,6.704255e2,8.092040e1
1.826275e1,1.067847e2,6.705932e2,8.095224e1
1.827943e1,1.062376e2,6.706399e2,8.099845e1
1.829611e1,1.058953e2,6.708009e2,8.102909e1
1.831279e1,1.056298e2,6.708808e2,8.105227e1
1.832947e1,1.051260e2,6.709289e2,8.109489e1
1.834614e1,1.046912e2,6.710331e2,8.113248e1
1.836282e1,1.043433e2,6.710656e2,8.116191e1
1.837950e1,1.038887e2,6.711691e2,8.120114e1
1.839618e1,1.036075e2,6.712042e2,8.122505e1
1.841286e1,1.030848e2,6.711655e2,8.126813e1
1.842954e1,1.026593e2,6.712921e2,8.130524e1
1.844621e1,1.024153e2,6.712832e2,8.132548e1
1.846289e1,1.019031e2,6.713763e2,8.136938e1
1.847957e1,1.014258e2,6.713989e2,8.140949e1
1.849625e1,1.010326e2,6.714673e2,8.144316e1
1.851293e1,1.006035e2,6.714750e2,8.147906e1
1.852961e1,1.001893e2,6.713330e2,8.151186e1
1.854628e1,9.983763e1,6.713780e2,8.154178e1
1.856296e1,9.942140e1,6.714063e2,8.157689e1
1.857964e1,9.895730e1,6.714981e2,8.161678e1
1.859632e1,9.863332e1,6.715214e2,8.164412e1
1.861300e1,9.820621e1,6.717623e2,8.168274e1
1.862968e1,9.779788e1,6.719476e2,8.171909e1
1.864635e1,9.743795e1,6.719947e2,8.174972e1
1.866303e1,9.698889e1,6.720435e2,8.178781e1
1.867971e1,9.663769e1,6.721168e2,8.181802e1
1.869639e1,9.610430e1,6.721171e2,8.186258e1
1.871307e1,9.578785e1,6.722930e2,8.189111e1
1.872975e1,9.540402e1,6.722444e2,8.192260e1
1.874642e1,9.493699e1,6.722709e2,8.196194e1
1.876310e1,9.458683e1,6.724430e2,8.199322e1
1.877978e1,9.415939e1,6.724529e2,8.202905e1
1.879646e1,9.364462e1,6.724030e2,8.207149e1
1.881314e1,9.332126e1,6.725578e2,8.210032e1
1.882982e1,9.290012e1,6.727246e2,8.213745e1
1.884649e1,9.251072e1,6.728132e2,8.217101e1
1.886317e1,9.203387e1,6.728617e2,8.221143e1
1.887985e1,9.174003e1,6.729373e2,8.223685e1
1.889653e1,9.143427e1,6.729659e2,8.226274e1
1.891321e1,9.089796e1,6.730037e2,8.230800e1
1.892989e1,9.046758e1,6.731541e2,8.234568e1
1.894656e1,9.001729e1,6.731336e2,8.238310e1
1.896324e1,8.974868e1,6.732435e2,8.240679e1
1.897992e1,8.923193e1,6.733292e2,8.245095e1
1.899660e1,8.877175e1,6.733561e2,8.248973e1
1.901328e1,8.826096e1,6.733159e2,8.253202e1
1.902996e1,8.786598e1,6.733897e2,8.256587e1
1.904663e1,8.749136e1,6.734831e2,8.259823e1
1.906331e1,8.700459e1,6.734742e2,8.263886e1
1.907999e1,8.678183e1,6.736434e2,8.265933e1
1.909667e1,8.634824e1,6.736903e2,8.269611e1
1.911335e1,8.599070e1,6.737741e2,8.272692e1
1.913003e1,8.553814e1,6.738528e2,8.276563e1
1.914670e1,8.513502e1,6.739293e2,8.280017e1
1.916338e1,8.481336e1,6.740417e2,8.282827e1
1.918006e1,8.431805e1,6.740103e2,8.286940e1
1.919674e1,8.395271e1,6.741098e2,8.290101e1
1.921342e1,8.348082e1,6.741091e2,8.294051e1
1.923010e1,8.297670e1,6.741521e2,8.298315e1
1.924677e1,8.272918e1,6.742819e2,8.300521e1
1.926345e1,8.223947e1,6.742656e2,8.304604e1
1.928013e1,8.190734e1,6.742636e2,8.307383e1
1.929681e1,8.141893e1,6.744466e2,8.311659e1
1.931349e1,8.090867e1,6.745176e2,8.316003e1
1.933017e1,8.061928e1,6.744712e2,8.318380e1
1.934684e1,8.017405e1,6.744305e2,8.322068e1
1.936352e1,7.988224e1,6.745297e2,8.324611e1
1.938020e1,7.945054e1,6.747442e2,8.328440e1
1.939688e1,7.898864e1,6.747465e2,8.332311e1
1.941356e1,7.873770e1,6.748962e2,8.334559e1
1.943024e1,7.821695e1,6.749280e2,8.338952e1
1.944691e1,7.777316e1,6.750332e2,8.342771e1
1.946359e1,7.729041e1,6.750269e2,8.346809e1
1.948027e1,7.696815e1,6.750749e2,8.349555e1
1.949695e1,7.660303e1,6.751689e2,8.352704e1
1.951363e1,7.627246e1,6.752005e2,8.355504e1
1.953031e1,7.578250e1,6.752584e2,8.359664e1
1.954698e1,7.534251e1,6.752071e2,8.363303e1
1.956366e1,7.492835e1,6.752864e2,8.366848e1
1.958034e1,7.439107e1,6.753016e2,8.371366e1
1.959702e1,7.404220e1,6.753431e2,8.374328e1
1.961370e1,7.356833e1,6.754122e2,8.378364e1
1.963038e1,7.327561e1,6.753793e2,8.380789e1
1.964705e1,7.276043e1,6.754503e2,8.385173e1
1.966373e1,7.239556e1,6.754383e2,8.388222e1
1.968041e1,7.193485e1,6.754341e2,8.392082e1
1.969709e1,7.161654e1,6.757003e2,8.394989e1
1.971377e1,7.110135e1,6.757148e2,8.399322e1
1.973044e1,7.070133e1,6.758186e2,8.402768e1
1.974712e1,7.020320e1,6.758466e2,8.406970e1
1.976380e1,6.985818e1,6.760452e2,8.410036e1
1.978048e1,6.938603e1,6.759407e2,8.413906e1
1.979716e1,6.892055e1,6.760458e2,8.417900e1
1.981384e1,6.859511e1,6.761299e2,8.420702e1
1.983051e1,6.804886e1,6.762147e2,8.425356e1
1.984719e1,6.762750e1,6.761105e2,8.428803e1
1.986387e1,6.722705e1,6.762139e2,8.432249e1
1.988055e1,6.679168e1,6.762807e2,8.435957e1
1.989723e1,6.624963e1,6.762381e2,8.440471e1
1.991391e1,6.587642e1,6.763023e2,8.443655e1
1.993058e1,6.542037e1,6.762681e2,8.447455e1
1.994726e1,6.493498e1,6.763280e2,8.451578e1
1.996394e1,6.454059e1,6.764712e2,8.455004e1
1.998062e1,6.409131e1,6.763859e2,8.458707e1
1.999730e1,6.373870e1,6.764936e2,8.461753e1
2.001398e1,6.329311e1,6.764854e2,8.465487e1
2.003065e1,6.289207e1,6.765410e2,8.468898e1
2.004733e1,6.238393e1,6.766807e2,8.473273e1
2.006401e1,6.206238e1,6.767284e2,8.476009e1
2.008069e1,6.159324e1,6.767889e2,8.479995e1
2.009737e1,6.116935e1,6.768626e2,8.483610e1
2.011405e1,6.065814e1,6.769841e2,8.487994e1
2.013072e1,6.041091e1,6.770172e2,8.490095e1
2.014740e1,5.989785e1,6.771092e2,8.494471e1
2.016408e1,5.940053e1,6.770826e2,8.498627e1
2.018076e1,5.891223e1,6.771041e2,8.502744e1
2.019744e1,5.864899e1,6.771267e2,8.504971e1
2.021412e1,5.818193e1,6.770905e2,8.508868e1
2.023079e1,5.775570e1,6.771913e2,8.512520e1
2.024747e1,5.723076e1,6.772683e2,8.516985e1
2.026415e1,5.676760e1,6.772870e2,8.520889e1
2.028083e1,5.650001e1,6.772581e2,8.523116e1
2.029751e1,5.612077e1,6.772809e2,8.526319e1
2.031419e1,5.570710e1,6.773109e2,8.529815e1
2.033086e1,5.523147e1,6.773218e2,8.533819e1
2.034754e1,5.476213e1,6.773440e2,8.537779e1
2.036422e1,5.453694e1,6.774314e2,8.539730e1
2.038090e1,5.404087e1,6.773802e2,8.543865e1
2.039758e1,5.355651e1,6.774154e2,8.547959e1
2.041426e1,5.310900e1,6.774896e2,8.551770e1
2.043093e1,5.279276e1,6.775128e2,8.554443e1
2.044761e1,5.236513e1,6.774899e2,8.558023e1
2.046429e1,5.194321e1,6.775545e2,8.561612e1
2.048097e1,5.143941e1,6.776122e2,8.565885e1
2.049765e1,5.095349e1,6.777740e2,8.570072e1
2.051433e1,5.064614e1,6.778665e2,8.572714e1
2.053100e1,5.013646e1,6.778944e2,8.577016e1
2.054768e1,4.979111e1,6.779813e2,8.579972e1
2.056436e1,4.921879e1,6.780497e2,8.584825e1
2.058104e1,4.885821e1,6.781089e2,8.587892e1
2.059772e1,4.845511e1,6.782056e2,8.591339e1
2.061440e1,4.800364e1,6.781723e2,8.595114e1
2.063107e1,4.759094e1,6.782907e2,8.598653e1
2.064775e1,4.727540e1,6.782896e2,8.601305e1
2.066443e1,4.681115e1,6.783001e2,8.605214e1
2.068111e1,4.625566e1,6.782967e2,8.609882e1
2.069779e1,4.583228e1,6.783357e2,8.613464e1
2.071447e1,4.544802e1,6.784648e2,8.616768e1
2.073114e1,4.497366e1,6.784559e2,8.620751e1
2.074782e1,4.448551e1,6.784577e2,8.624857e1
2.076450e1,4.414525e1,6.784521e2,8.627715e1
2.078118e1,4.352657e1,6.784230e2,8.632902e1
2.079786e1,4.309496e1,6.783676e2,8.636503e1
2.081454e1,4.281123e1,6.785575e2,8.638991e1
2.083121e1,4.230042e1,6.786272e2,8.643323e1
2.084789e1,4.191525e1,6.787531e2,8.646628e1
2.086457e1,4.141436e1,6.788161e2,8.650873e1
2.088125e1,4.091105e1,6.788944e2,8.655145e1
2.089793e1,4.042460e1,6.789378e2,8.659258e1
2.091461e1,3.992861e1,6.790028e2,8.663461e1
2.093128e1,3.942771e1,6.790168e2,8.667680e1
2.094796e1,3.908399e1,6.790886e2,8.670606e1
2.096464e1,3.864904e1,6.790938e2,8.674266e1
2.098132e1,3.818992e1,6.791407e2,8.678149e1
2.099800e1,3.774070e1,6.791466e2,8.681930e1
2.101468e1,3.727704e1,6.791359e2,8.685825e1
2.103135e1,3.702622e1,6.792150e2,8.687971e1
2.104803e1,3.657476e1,6.792086e2,8.691765e1
2.106471e1,3.604125e1,6.792707e2,8.696281e1
2.108139e1,3.563658e1,6.792867e2,8.699692e1
2.109807e1,3.522692e1,6.793219e2,8.703153e1
2.111474e1,3.474747e1,6.793375e2,8.707193e1
2.113142e1,3.431474e1,6.793673e2,8.710846e1
2.114810e1,3.384309e1,6.793584e2,8.714810e1
2.116478e1,3.367298e1,6.793897e2,8.716254e1
2.118146e1,3.314471e1,6.793519e2,8.720683e1
2.119814e1,3.247807e1,6.793886e2,8.726307e1
2.121481e1,3.222610e1,6.793565e2,8.728414e1
2.123149e1,3.179144e1,6.794280e2,8.732100e1
2.124817e1,3.130637e1,6.794458e2,8.736189e1
2.126485e1,3.082957e1,6.794879e2,8.740217e1
2.128153e1,3.042535e1,6.794425e2,8.743602e1
2.129821e1,2.987612e1,6.794716e2,8.748235e1
2.131488e1,2.964159e1,6.794761e2,8.750210e1
2.133156e1,2.912017e1,6.794194e2,8.754578e1
2.134824e1,2.865468e1,6.794381e2,8.758503e1
2.136492e1,2.816808e1,6.793991e2,8.762586e1
2.138160e1,2.779249e1,6.793925e2,8.765746e1
2.139828e1,2.744634e1,6.793678e2,8.768652e1
2.141495e1,2.690859e1,6.793896e2,8.773187e1
2.143163e1,2.639669e1,6.793486e2,8.777484e1
2.144831e1,2.596432e1,6.795502e2,8.781190e1
2.146499e1,2.577462e1,6.796209e2,8.782810e1
2.148167e1,2.523750e1,6.796367e2,8.787337e1
2.149835e1,2.480803e1,6.797761e2,8.790995e1
2.151502e1,2.435458e1,6.798074e2,8.794822e1
2.153170e1,2.393445e1,6.798758e2,8.798378e1
2.154838e1,2.356813e1,6.799377e2,8.801480e1
2.156506e1,2.307704e1,6.799793e2,8.805625e1
2.158174e1,2.261205e1,6.800185e2,8.809550e1
2.159842e1,2.221873e1,6.800262e2,8.812862e1
2.161509e1,2.187867e1,6.800986e2,8.815744e1
2.163177e1,2.133785e1,6.801073e2,8.820298e1
2.164845e1,2.083611e1,6.801224e2,8.824525e1
2.166513e1,2.042284e1,6.800976e2,8.827997e1
2.168181e1,2.001687e1,6.801389e2,8.831424e1
2.169849e1,1.958018e1,6.802044e2,8.835115e1
2.171516e1,1.907707e1,6.801702e2,8.839342e1
2.173184e1,1.867858e1,6.802376e2,8.842712e1
2.174852e1,1.812332e1,6.802109e2,8.847379e1
2.176520e1,1.781476e1,6.802491e2,8.849985e1
2.178188e1,1.725429e1,6.802138e2,8.854695e1
2.179856e1,1.690614e1,6.802477e2,8.857633e1
2.181523e1,1.638914e1,6.802149e2,8.861978e1
2.183191e1,1.591362e1,6.802360e2,8.865985e1
2.184859e1,1.541551e1,6.801992e2,8.870171e1
2.186527e1,1.496971e1,6.802837e2,8.873940e1
2.188195e1,1.461865e1,6.802594e2,8.876891e1
2.189863e1,1.412364e1,6.802261e2,8.881053e1
2.191530e1,1.375256e1,6.802677e2,8.884184e1
2.193198e1,1.321844e1,6.802337e2,8.888676e1
2.194866e1,1.275832e1,6.802570e2,8.892554e1
2.196534e1,1.222127e1,6.802222e2,8.897070e1
2.198202e1,1.194219e1,6.803416e2,8.899438e1
2.199870e1,1.145485e1,6.803527e2,8.903542e1
2.201537e1,1.099496e1,6.803134e2,8.907409e1
2.203205e1,1.050376e1,6.803238e2,8.911546e1
2.204873e1,1.009029e1,6.803267e2,8.915028e1
2.206541e1,9.776978e0,6.803361e2,8.917667e1
2.208209e1,9.223273e0,6.802882e2,8.922324e1
2.209877e1,8.736062e0,6.803489e2,8.926433e1
2.211544e1,8.318672e0,6.803645e2,8.929949e1
2.213212e1,7.956564e0,6.803939e2,8.933001e1
2.214880e1,7.251563e0,6.803379e2,8.938932e1
2.216548e1,6.779882e0,6.803831e2,8.942908e1
2.218216e1,6.480452e0,6.804364e2,8.945433e1
2.219884e1,6.189572e0,6.803935e2,8.947879e1
2.221551e1,5.692614e0,6.804207e2,8.952066e1
2.223219e1,5.162559e0,6.803792e2,8.956526e1
2.224887e1,4.695129e0,6.803923e2,8.960463e1
2.226555e1,4.287160e0,6.803790e2,8.963898e1
2.228223e1,3.908210e0,6.804303e2,8.967091e1
2.229891e1,3.567943e0,6.804859e2,8.969959e1
2.231558e1,3.074101e0,6.804441e2,8.974115e1
2.233226e1,2.800353e0,6.804828e2,8.976422e1
2.234894e1,2.513995e0,6.805100e2,8.978833e1
2.236562e1,2.236716e0,6.804413e2,8.981166e1
2.238230e1,1.980164e0,6.804253e2,8.983326e1
2.239898e1,1.710454e0,6.804431e2,8.985597e1
2.241565e1,1.489971e0,6.804417e2,8.987454e1
2.243233e1,1.194773e0,6.804507e2,8.989940e1
2.244901e1,9.450046e-1,6.804545e2,8.992043e1
2.246569e1,8.253235e-1,6.804585e2,8.993051e1
2.248237e1,7.123582e-1,6.804597e2,8.994002e1
2.249904e1,6.353617e-1,6.804383e2,8.994650e1
2.251572e1,5.586181e-1,6.804174e2,8.995296e1
2.253240e1,4.301518e-1,6.803944e2,8.996378e1
2.254908e1,2.071616e-1,6.803865e2,8.998255e1
2.256576e1,5.692468e-2,6.803763e2,8.999521e1
2.258244e1,-3.029964e-2,6.803729e2,9.000255e1
2.259911e1,-3.389296e-2,6.803825e2,9.000285e1
2.261579e1,-3.908984e-2,6.803846e2,9.000329e1
2.263247e1,-4.464305e-2,6.803870e2,9.000376e1
2.264915e1,-4.846684e-2,6.803899e2,9.000408e1
2.266583e1,-3.767460e-2,6.803779e2,9.000317e1
2.268251e1,-3.961789e-2,6.803763e2,9.000334e1
2.269918e1,-3.137327e-2,6.803844e2,9.000264e1
2.271586e1,-2.559645e-2,6.803931e2,9.000216e1
2.273254e1,-2.874585e-2,6.803916e2,9.000242e1
2.274922e1,-3.143162e-2,6.803905e2,9.000265e1
2.276590e1,-3.273894e-2,6.803912e2,9.000276e1
2.278258e1,-3.415948e-2,6.803920e2,9.000288e1
2.279925e1,-1.479767e-2,6.803545e2,9.000125e1
2.281593e1,-4.067449e-2,6.803863e2,9.000343e1
2.283261e1,-4.420349e-2,6.803781e2,9.000372e1
2.284929e1,-4.412603e-2,6.803738e2,9.000372e1
2.286597e1,-4.640460e-2,6.803714e2,9.000391e1
2.288265e1,-4.786566e-2,6.803698e2,9.000403e1
2.289932e1,-4.371752e-2,6.803640e2,9.000368e1
2.291600e1,-4.106827e-2,6.803587e2,9.000346e1
2.293268e1,-3.860805e-2,6.803540e2,9.000325e1
2.294936e1,-3.564529e-2,6.803491e2,9.000300e1
2.296604e1,-2.816871e-2,6.803327e2,9.000237e1
2.298272e1,-1.964983e-2,6.803164e2,9.000165e1
2.299939e1,-1.694354e-2,6.803075e2,9.000143e1
2.301607e1,-1.219978e-2,6.802985e2,9.000103e1
2.303275e1,-4.308894e-3,6.802946e2,9.000036e1
2.304943e1,3.215930e-3,6.802906e2,8.999973e1
2.306611e1,1.181861e-2,6.802703e2,8.999900e1
2.308279e1,9.155175e-3,6.802706e2,8.999923e1
2.309946e1,6.666214e-3,6.802719e2,8.999944e1
2.311614e1,4.498764e-3,6.802732e2,8.999962e1
2.313282e1,2.646288e-3,6.802742e2,8.999978e1
2.314950e1,1.317476e-3,6.802748e2,8.999989e1
2.316618e1,2.081892e-4,6.802756e2,8.999998e1
2.318286e1,-3.661273e-3,6.802881e2,9.000031e1
2.319953e1,-3.373543e-3,6.802873e2,9.000028e1
2.321621e1,-3.964261e-3,6.802864e2,9.000033e1
2.323289e1,-5.008947e-3,6.802867e2,9.000042e1
2.324957e1,-5.166151e-3,6.802847e2,9.000044e1
2.326625e1,-1.737940e-2,6.802725e2,9.000146e1
2.328293e1,-2.402398e-2,6.802644e2,9.000202e1
2.329960e1,-2.357959e-2,6.802654e2,9.000199e1
2.331628e1,-2.360296e-2,6.802656e2,9.000199e1
2.333296e1,-2.370070e-2,6.802537e2,9.000200e1
2.334964e1,-2.842173e-2,6.802490e2,9.000239e1
2.336632e1,-2.719952e-2,6.802397e2,9.000229e1
2.338300e1,-2.822869e-2,6.802403e2,9.000238e1
2.339967e1,-2.866157e-2,6.802367e2,9.000241e1
2.341635e1,-2.974120e-2,6.802324e2,9.000251e1
2.343303e1,-2.411818e-2,6.802382e2,9.000203e1
2.344971e1,-2.073963e-2,6.802429e2,9.000175e1
2.346639e1,-2.288085e-2,6.802424e2,9.000193e1
2.348307e1,-2.442093e-2,6.802423e2,9.000206e1
2.349974e1,-2.259754e-2,6.802473e2,9.000190e1
2.351642e1,-2.188526e-2,6.802517e2,9.000184e1
2.353310e1,-2.208377e-2,6.802546e2,9.000186e1
2.354978e1,-2.169530e-2,6.802582e2,9.000183e1
2.356646e1,-2.282251e-2,6.802560e2,9.000192e1
2.358314e1,-2.362977e-2,6.802540e2,9.000199e1
2.359981e1,-2.436845e-2,6.802545e2,9.000205e1
2.361649e1,-2.508251e-2,6.802551e2,9.000211e1
2.363317e1,-2.381071e-2,6.802578e2,9.000201e1
2.364985e1,-2.274455e-2,6.802610e2,9.000192e1
2.366653e1,-2.401266e-2,6.802614e2,9.000202e1
2.368321e1,-2.570124e-2,6.802619e2,9.000216e1
2.369988e1,-2.481531e-2,6.802590e2,9.000209e1
2.371656e1,-2.435989e-2,6.802563e2,9.000205e1
2.373324e1,-2.435618e-2,6.802545e2,9.000205e1
2.374992e1,-2.440524e-2,6.802530e2,9.000206e1
2.376660e1,-2.935545e-2,6.802607e2,9.000247e1
2.378328e1,-3.259836e-2,6.802670e2,9.000275e1
2.379995e1,-3.188767e-2,6.802654e2,9.000269e1
2.381663e1,-2.390664e-2,6.802519e2,9.000201e1
2.383331e1,-2.903959e-2,6.802595e2,9.000245e1
2.384999e1,-3.284869e-2,6.802669e2,9.000277e1
2.386667e1,-2.886992e-2,6.802593e2,9.000243e1
