,mass A,,,
t,x,y,θr,
0.000000e0,2.960058e-1,6.831501e2,8.997517e1
1.667759e-2,2.960195e-1,6.831512e2,8.997517e1
3.335518e-2,2.960285e-1,6.831511e2,8.997517e1
5.003277e-2,2.960261e-1,6.831513e2,8.997517e1
6.671035e-2,2.960218e-1,6.831518e2,8.997517e1
8.338794e-2,2.960265e-1,6.831516e2,8.997517e1
1.000655e-1,2.964516e-1,6.831514e2,8.997514e1
1.167431e-1,4.635886e-1,6.831322e2,8.996112e1
1.334207e-1,2.837987e-1,6.831535e2,8.997620e1
1.500983e-1,3.447597e-1,6.831533e2,8.997109e1
1.667759e-1,4.066197e-1,6.831549e2,8.996590e1
1.834535e-1,4.168486e-1,6.831645e2,8.996504e1
2.001311e-1,4.235916e-1,6.831811e2,8.996447e1
2.168087e-1,4.165659e-1,6.831767e2,8.996506e1
2.334862e-1,2.885049e-1,6.831490e2,8.997580e1
2.501638e-1,4.112812e-1,6.830013e2,8.996550e1
2.668414e-1,2.948828e-1,6.830496e2,8.997526e1
2.835190e-1,3.471218e-1,6.830436e2,8.997088e1
3.001966e-1,3.999224e-1,6.830379e2,8.996645e1
3.168742e-1,3.733064e-1,6.830611e2,8.996869e1
3.335518e-1,3.896599e-1,6.830496e2,8.996731e1
3.502294e-1,3.702913e-1,6.830598e2,8.996894e1
3.669069e-1,3.561528e-1,6.830700e2,8.997013e1
3.835845e-1,3.454388e-1,6.830753e2,8.997102e1
4.002621e-1,3.282707e-1,6.830867e2,8.997247e1
4.169397e-1,3.002003e-1,6.831256e2,8.997482e1
4.336173e-1,2.747166e-1,6.831627e2,8.997696e1
4.502949e-1,2.925444e-1,6.832155e2,8.997547e1
4.669725e-1,3.083577e-1,6.832660e2,8.997414e1
4.836501e-1,3.102840e-1,6.832356e2,8.997398e1
5.003277e-1,3.105927e-1,6.832318e2,8.997395e1
5.170052e-1,3.101053e-1,6.832188e2,8.997399e1
5.336828e-1,3.102442e-1,6.832070e2,8.997398e1
5.503604e-1,3.023843e-1,6.832305e2,8.997464e1
5.670380e-1,2.947244e-1,6.832525e2,8.997529e1
5.837156e-1,3.081544e-1,6.832378e2,8.997416e1
6.003932e-1,2.964682e-1,6.832438e2,8.997514e1
6.170708e-1,2.964652e-1,6.832414e2,8.997514e1
6.337484e-1,2.963945e-1,6.832394e2,8.997514e1
6.504260e-1,2.659501e-1,6.832941e2,8.997770e1
6.671035e-1,2.689833e-1,6.832494e2,8.997744e1
6.837811e-1,2.637639e-1,6.832527e2,8.997788e1
7.004587e-1,2.573253e-1,6.832550e2,8.997842e1
7.171363e-1,2.619609e-1,6.832511e2,8.997803e1
7.338139e-1,2.659510e-1,6.832474e2,8.997770e1
7.504915e-1,2.062232e-1,6.832433e2,8.998271e1
7.671691e-1,1.512161e-1,6.832402e2,8.998732e1
7.838467e-1,2.048972e-1,6.832210e2,8.998282e1
8.005242e-1,2.508019e-1,6.832040e2,8.997897e1
8.172018e-1,2.509306e-1,6.832026e2,8.997896e1
8.338794e-1,2.514199e-1,6.832028e2,8.997892e1
8.505570e-1,2.538863e-1,6.831883e2,8.997871e1
8.672346e-1,2.557641e-1,6.831782e2,8.997855e1
8.839122e-1,2.332881e-1,6.832600e2,8.998044e1
9.005898e-1,2.365037e-1,6.832529e2,8.998017e1
9.172674e-1,2.339757e-1,6.832381e2,8.998038e1
9.339450e-1,2.359937e-1,6.832362e2,8.998021e1
9.506225e-1,2.524311e-1,6.832448e2,8.997883e1
9.673001e-1,2.681662e-1,6.832525e2,8.997751e1
9.839777e-1,2.643794e-1,6.832395e2,8.997783e1
1.000655e0,2.664635e-1,6.832345e2,8.997765e1
1.017333e0,2.501476e-1,6.831979e2,8.997902e1
1.034010e0,2.701139e-1,6.832284e2,8.997735e1
1.050688e0,2.657235e-1,6.832194e2,8.997772e1
1.067366e0,2.617600e-1,6.832123e2,8.997805e1
1.084043e0,2.741929e-1,6.831821e2,8.997700e1
1.100721e0,2.544502e-1,6.832015e2,8.997866e1
1.117398e0,2.700967e-1,6.831979e2,8.997735e1
1.134076e0,2.760015e-1,6.832068e2,8.997685e1
1.150754e0,2.756347e-1,6.832061e2,8.997688e1
1.167431e0,2.761920e-1,6.832002e2,8.997684e1
1.184109e0,2.794367e-1,6.832055e2,8.997657e1
1.200786e0,2.791192e-1,6.832055e2,8.997659e1
1.217464e0,2.781136e-1,6.832055e2,8.997668e1
1.234142e0,2.755696e-1,6.832020e2,8.997689e1
1.250819e0,2.794698e-1,6.831994e2,8.997656e1
1.267497e0,2.809453e-1,6.831977e2,8.997644e1
1.284174e0,2.806420e-1,6.831965e2,8.997646e1
1.300852e0,2.807917e-1,6.831945e2,8.997645e1
1.317529e0,2.876631e-1,6.831784e2,8.997587e1
1.334207e0,2.938622e-1,6.831666e2,8.997535e1
1.350885e0,2.930562e-1,6.831676e2,8.997542e1
1.367562e0,2.928166e-1,6.831678e2,8.997544e1
1.384240e0,3.172537e-1,6.830912e2,8.997339e1
1.400917e0,3.395079e-1,6.830170e2,8.997152e1
1.417595e0,3.350163e-1,6.830275e2,8.997190e1
1.434273e0,3.318863e-1,6.830349e2,8.997216e1
1.450950e0,3.276660e-1,6.830324e2,8.997251e1
1.467628e0,3.228259e-1,6.830357e2,8.997292e1
1.484305e0,3.206761e-1,6.830416e2,8.997310e1
1.500983e0,3.189091e-1,6.830477e2,8.997325e1
1.517661e0,3.171378e-1,6.830530e2,8.997340e1
1.534338e0,3.159067e-1,6.830574e2,8.997350e1
1.551016e0,3.167025e-1,6.830603e2,8.997343e1
1.567693e0,3.186605e-1,6.830635e2,8.997327e1
1.584371e0,3.161649e-1,6.830663e2,8.997348e1
1.601048e0,3.161284e-1,6.830678e2,8.997348e1
1.617726e0,3.148460e-1,6.830687e2,8.997359e1
1.634404e0,3.143822e-1,6.830695e2,8.997363e1
1.651081e0,3.073413e-1,6.830776e2,8.997422e1
1.667759e0,2.898195e-1,6.831350e2,8.997569e1
1.684436e0,2.462308e-1,6.832223e2,8.997935e1
1.701114e0,2.497328e-1,6.832130e2,8.997906e1
1.717792e0,2.516341e-1,6.832107e2,8.997890e1
1.734469e0,2.657096e-1,6.832363e2,8.997772e1
1.751147e0,2.843464e-1,6.832147e2,8.997615e1
1.767824e0,2.665475e-1,6.832299e2,8.997765e1
1.784502e0,2.688847e-1,6.832266e2,8.997745e1
1.801180e0,2.704477e-1,6.832243e2,8.997732e1
1.817857e0,2.800687e-1,6.831758e2,8.997651e1
1.834535e0,2.885028e-1,6.831321e2,8.997580e1
1.851212e0,2.761585e-1,6.832378e2,8.997684e1
1.867890e0,2.656982e-1,6.833454e2,8.997772e1
1.884567e0,2.831644e-1,6.831293e2,8.997625e1
1.901245e0,2.837402e-1,6.831374e2,8.997620e1
1.917923e0,2.810444e-1,6.831358e2,8.997643e1
1.934600e0,2.806156e-1,6.831346e2,8.997646e1
1.951278e0,2.783343e-1,6.831343e2,8.997666e1
1.967955e0,2.771489e-1,6.831324e2,8.997675e1
1.984633e0,2.777732e-1,6.831335e2,8.997670e1
2.001311e0,2.793965e-1,6.831346e2,8.997657e1
2.017988e0,2.783794e-1,6.831341e2,8.997665e1
2.034666e0,2.785188e-1,6.831339e2,8.997664e1
2.051343e0,2.785004e-1,6.831340e2,8.997664e1
2.068021e0,2.785843e-1,6.831340e2,8.997663e1
2.084699e0,2.786682e-1,6.831341e2,8.997663e1
2.101376e0,2.786891e-1,6.831341e2,8.997663e1
2.118054e0,4.873133e-1,6.831214e2,8.995913e1
2.134731e0,1.234130e0,6.831569e2,8.989649e1
2.151409e0,2.274920e0,6.830968e2,8.980919e1
2.168087e0,3.754744e0,6.829354e2,8.968499e1
2.184764e0,5.619980e0,6.829647e2,8.952854e1
2.201442e0,7.795259e0,6.829762e2,8.934607e1
2.218119e0,1.013628e1,6.830179e2,8.914977e1
2.234797e0,1.237101e1,6.830182e2,8.896236e1
2.251474e0,1.443498e1,6.829698e2,8.878920e1
2.268152e0,1.677508e1,6.828950e2,8.859283e1
2.284830e0,1.905424e1,6.828289e2,8.840158e1
2.301507e0,2.130625e1,6.828463e2,8.821283e1
2.318185e0,2.352207e1,6.827472e2,8.802682e1
2.334862e0,2.568623e1,6.826164e2,8.784503e1
2.351540e0,2.798163e1,6.824140e2,8.765197e1
2.368218e0,3.025069e1,6.822876e2,8.746133e1
2.384895e0,3.229035e1,6.821258e2,8.728977e1
2.401573e0,3.455837e1,6.820280e2,8.709930e1
2.418250e0,3.684331e1,6.819820e2,8.690767e1
2.434928e0,3.916509e1,6.818155e2,8.671241e1
2.451606e0,4.120991e1,6.815996e2,8.654008e1
2.468283e0,4.341748e1,6.813530e2,8.635390e1
2.484961e0,4.554437e1,6.812145e2,8.617503e1
2.501638e0,4.766789e1,6.810971e2,8.599657e1
2.518316e0,4.994097e1,6.809926e2,8.580569e1
2.534993e0,5.223885e1,6.806579e2,8.561129e1
2.551671e0,5.421434e1,6.805319e2,8.544517e1
2.568349e0,5.646310e1,6.803308e2,8.525569e1
2.585026e0,5.873581e1,6.801165e2,8.506410e1
2.601704e0,6.070955e1,6.799252e2,8.489767e1
2.618381e0,6.283087e1,6.796990e2,8.471863e1
2.635059e0,6.500719e1,6.794471e2,8.453477e1
2.651737e0,6.719815e1,6.792108e2,8.434979e1
2.668414e0,6.935095e1,6.790174e2,8.416836e1
2.685092e0,7.140477e1,6.788647e2,8.399556e1
2.701769e0,7.335873e1,6.785835e2,8.382996e1
2.718447e0,7.552892e1,6.784336e2,8.364751e1
2.735125e0,7.757452e1,6.780362e2,8.347314e1
2.751802e0,7.964312e1,6.777642e2,8.329799e1
2.768480e0,8.188743e1,6.775210e2,8.310847e1
2.785157e0,8.408070e1,6.771887e2,8.292230e1
2.801835e0,8.611602e1,6.769746e2,8.275050e1
2.818512e0,8.827460e1,6.766600e2,8.256738e1
2.835190e0,9.024871e1,6.764157e2,8.240037e1
2.851868e0,9.226354e1,6.761574e2,8.222982e1
2.868545e0,9.427919e1,6.757939e2,8.205799e1
2.885223e0,9.624432e1,6.755226e2,8.189142e1
2.901900e0,9.826195e1,6.752385e2,8.172033e1
2.918578e0,1.003097e2,6.749159e2,8.154627e1
2.935256e0,1.022861e2,6.745456e2,8.137753e1
2.951933e0,1.042853e2,6.742270e2,8.120752e1
2.968611e0,1.063403e2,6.738385e2,8.103196e1
2.985288e0,1.083053e2,6.735722e2,8.086546e1
3.001966e0,1.103219e2,6.731132e2,8.069210e1
3.018644e0,1.123400e2,6.726614e2,8.051864e1
3.035321e0,1.142903e2,6.723000e2,8.035201e1
3.051999e0,1.161705e2,6.719672e2,8.019159e1
3.068676e0,1.181213e2,6.718651e2,8.002867e1
3.085354e0,1.200295e2,6.713929e2,7.986392e1
3.102031e0,1.219111e2,6.710738e2,7.970361e1
3.118709e0,1.234057e2,6.708232e2,7.957632e1
3.135387e0,1.246799e2,6.704995e2,7.946612e1
3.152064e0,1.254465e2,6.703728e2,7.940086e1
3.168742e0,1.260588e2,6.702344e2,7.934815e1
3.185419e0,1.264573e2,6.701555e2,7.931402e1
3.202097e0,1.264321e2,6.701690e2,7.931632e1
3.218775e0,1.264204e2,6.701692e2,7.931728e1
3.235452e0,1.264128e2,6.701682e2,7.931790e1
3.252130e0,1.263924e2,6.701468e2,7.931925e1
3.268807e0,1.263779e2,6.701395e2,7.932033e1
3.285485e0,1.263756e2,6.701404e2,7.932053e1
3.302163e0,1.263730e2,6.701410e2,7.932076e1
3.318840e0,1.263635e2,6.701346e2,7.932145e1
3.335518e0,1.263568e2,6.701299e2,7.932193e1
3.352195e0,1.263544e2,6.701292e2,7.932211e1
3.368873e0,1.263524e2,6.701287e2,7.932227e1
3.385550e0,1.263551e2,6.701316e2,7.932209e1
3.402228e0,1.263537e2,6.701322e2,7.932222e1
3.418906e0,1.263649e2,6.701422e2,7.932145e1
3.435583e0,1.263753e2,6.701519e2,7.932073e1
3.452261e0,1.263611e2,6.701407e2,7.932173e1
3.468938e0,1.263504e2,6.701324e2,7.932249e1
3.485616e0,1.263512e2,6.701333e2,7.932244e1
3.502294e0,1.263512e2,6.701335e2,7.932244e1
3.518971e0,1.263613e2,6.701421e2,7.932175e1
3.535649e0,1.263709e2,6.701506e2,7.932108e1
3.552326e0,1.263698e2,6.701498e2,7.932116e1
3.569004e0,1.263696e2,6.701497e2,7.932118e1
3.585682e0,1.259463e2,6.702531e2,7.935774e1
3.602359e0,1.251859e2,6.703510e2,7.942204e1
3.619037e0,1.241453e2,6.705990e2,7.951180e1
3.635714e0,1.228241e2,6.709048e2,7.962561e1
3.652392e0,1.211370e2,6.711498e2,7.976874e1
3.669069e0,1.192745e2,6.716202e2,7.992971e1
3.685747e0,1.172579e2,6.718498e2,8.009988e1
3.702425e0,1.153174e2,6.722296e2,8.026596e1
3.719102e0,1.133029e2,6.724550e2,8.043598e1
3.735780e0,1.113447e2,6.727727e2,8.060266e1
3.752457e0,1.094476e2,6.734210e2,8.076873e1
3.769135e0,1.074621e2,6.736844e2,8.093687e1
3.785813e0,1.054383e2,6.740046e2,8.110896e1
3.802490e0,1.034973e2,6.742912e2,8.127374e1
3.819168e0,1.015750e2,6.747644e2,8.143931e1
3.835845e0,9.940893e1,6.750446e2,8.162268e1
3.852523e0,9.739876e1,6.752704e2,8.179245e1
3.869201e0,9.538641e1,6.754913e2,8.196238e1
3.885878e0,9.338079e1,6.759833e2,8.213490e1
3.902556e0,9.137975e1,6.762440e2,8.230433e1
3.919233e0,8.917122e1,6.765548e2,8.249158e1
3.935911e0,8.717102e1,6.768008e2,8.266079e1
3.952588e0,8.511749e1,6.771007e2,8.283500e1
3.969266e0,8.308332e1,6.773220e2,8.300678e1
3.985944e0,8.101421e1,6.776456e2,8.318250e1
4.002621e0,7.901472e1,6.778307e2,8.335104e1
4.019299e0,7.691733e1,6.781137e2,8.352869e1
4.035976e0,7.481075e1,6.783428e2,8.370659e1
4.052654e0,7.285534e1,6.785836e2,8.387198e1
4.069332e0,7.079181e1,6.787891e2,8.404607e1
4.086009e0,6.837970e1,6.790645e2,8.424987e1
4.102687e0,6.637355e1,6.792715e2,8.441918e1
4.119364e0,6.412128e1,6.795190e2,8.460937e1
4.136042e0,6.203783e1,6.798325e2,8.478594e1
4.152720e0,5.985018e1,6.799122e2,8.496943e1
4.169397e0,5.779493e1,6.802107e2,8.514346e1
4.186075e0,5.541624e1,6.803855e2,8.534363e1
4.202752e0,5.333881e1,6.805961e2,8.551885e1
4.219430e0,5.128602e1,6.807259e2,8.569146e1
4.236107e0,4.905656e1,6.810438e2,8.588002e1
4.252785e0,4.702240e1,6.811059e2,8.605066e1
4.269463e0,4.493450e1,6.812429e2,8.622626e1
4.286140e0,4.265755e1,6.813471e2,8.641752e1
4.302818e0,4.036625e1,6.815584e2,8.661054e1
4.319495e0,3.814575e1,6.815782e2,8.679668e1
4.336173e0,3.590654e1,6.815745e2,8.698435e1
4.352851e0,3.392897e1,6.819413e2,8.715168e1
4.369528e0,3.166937e1,6.819480e2,8.734112e1
4.386206e0,2.929495e1,6.820408e2,8.754055e1
4.402883e0,2.717076e1,6.822125e2,8.771926e1
4.419561e0,2.498432e1,6.823600e2,8.790308e1
4.436239e0,2.271965e1,6.823236e2,8.809290e1
4.452916e0,2.049046e1,6.825498e2,8.828047e1
4.469594e0,1.839815e1,6.827889e2,8.845650e1
4.486271e0,1.600633e1,6.826430e2,8.865680e1
4.502949e0,1.393708e1,6.826586e2,8.883042e1
4.519626e0,1.169679e1,6.827116e2,8.901846e1
4.536304e0,9.372717e0,6.830294e2,8.921382e1
4.552982e0,7.147241e0,6.830438e2,8.940049e1
4.569659e0,4.911212e0,6.830608e2,8.958805e1
4.586337e0,2.703313e0,6.830591e2,8.977324e1
4.603014e0,4.688996e-1,6.830826e2,8.996067e1
4.619692e0,-1.718920e0,6.830791e2,9.014418e1
4.636370e0,-3.932772e0,6.830799e2,9.032987e1
4.653047e0,-6.160351e0,6.831089e2,9.051669e1
4.669725e0,-8.417938e0,6.830911e2,9.070604e1
4.686402e0,-1.068438e1,6.831012e2,9.089609e1
4.703080e0,-1.290674e1,6.831146e2,9.108242e1
4.719758e0,-1.526183e1,6.830359e2,9.128001e1
4.736435e0,-1.757918e1,6.830327e2,9.147429e1
4.753113e0,-1.979100e1,6.830623e2,9.165962e1
4.769790e0,-2.191464e1,6.829543e2,9.183788e1
4.786468e0,-2.427931e1,6.828387e2,9.203638e1
4.803145e0,-2.641241e1,6.827537e2,9.221539e1
4.819823e0,-2.865460e1,6.827808e2,9.240315e1
4.836501e0,-3.077992e1,6.827418e2,9.258131e1
4.853178e0,-3.295018e1,6.825247e2,9.276392e1
4.869856e0,-3.507221e1,6.825332e2,9.294158e1
4.886533e0,-3.745706e1,6.823346e2,9.314212e1
4.903211e0,-3.958731e1,6.822078e2,9.332105e1
4.919889e0,-4.175321e1,6.820097e2,9.350332e1
4.936566e0,-4.397321e1,6.820260e2,9.368900e1
4.953244e0,-4.639720e1,6.819396e2,9.389224e1
4.969921e0,-4.849384e1,6.817491e2,9.406868e1
4.986599e0,-5.074649e1,6.817153e2,9.425721e1
5.003277e0,-5.274371e1,6.815139e2,9.442541e1
5.019954e0,-5.485804e1,6.813366e2,9.460326e1
5.036632e0,-5.696940e1,6.812113e2,9.478050e1
5.053309e0,-5.911579e1,6.810631e2,9.496080e1
5.069987e0,-6.124155e1,6.809538e2,9.513907e1
5.086664e0,-6.354767e1,6.807441e2,9.533312e1
5.103342e0,-6.559659e1,6.804958e2,9.550603e1
5.120020e0,-6.764937e1,6.803697e2,9.567827e1
5.136697e0,-6.983170e1,6.800510e2,9.586292e1
5.153375e0,-7.208895e1,6.799754e2,9.605172e1
5.170052e0,-7.405374e1,6.797445e2,9.621748e1
5.186730e0,-7.606315e1,6.794727e2,9.638735e1
5.203408e0,-7.833077e1,6.791814e2,9.657892e1
5.220085e0,-8.039181e1,6.790034e2,9.675220e1
5.236763e0,-8.241196e1,6.787673e2,9.692264e1
5.253440e0,-8.455234e1,6.785463e2,9.710290e1
5.270118e0,-8.647527e1,6.782253e2,9.726614e1
5.286796e0,-8.848964e1,6.780112e2,9.743584e1
5.303473e0,-9.049487e1,6.777853e2,9.760490e1
5.320151e0,-9.255322e1,6.775001e2,9.777902e1
5.336828e0,-9.457080e1,6.772332e2,9.794954e1
5.353506e0,-9.674895e1,6.769783e2,9.813323e1
5.370183e0,-9.852344e1,6.767581e2,9.828301e1
5.386861e0,-1.007807e2,6.764777e2,9.847353e1
5.403539e0,-1.025506e2,6.761940e2,9.862368e1
5.420216e0,-1.044641e2,6.759155e2,9.878567e1
5.436894e0,-1.064800e2,6.755653e2,9.895705e1
5.453571e0,-1.082968e2,6.752050e2,9.911212e1
5.470249e0,-1.101104e2,6.750549e2,9.926411e1
5.486927e0,-1.118594e2,6.748587e2,9.941134e1
5.503604e0,-1.138838e2,6.745988e2,9.958216e1
5.520282e0,-1.156800e2,6.742541e2,9.973530e1
5.536959e0,-1.176092e2,6.740539e2,9.989735e1
5.553637e0,-1.195694e2,6.735590e2,1.000662e2
5.570315e0,-1.212500e2,6.732518e2,1.002093e2
5.586992e0,-1.226359e2,6.731100e2,1.003256e2
5.603670e0,-1.237027e2,6.729718e2,1.004156e2
5.620347e0,-1.244446e2,6.728311e2,1.004788e2
5.637025e0,-1.249033e2,6.727860e2,1.005173e2
5.653702e0,-1.249587e2,6.728246e2,1.005212e2
5.670380e0,-1.249749e2,6.728655e2,1.005220e2
5.687058e0,-1.249413e2,6.728903e2,1.005188e2
5.703735e0,-1.249151e2,6.729110e2,1.005163e2
5.720413e0,-1.248877e2,6.729245e2,1.005139e2
5.737090e0,-1.248650e2,6.729359e2,1.005118e2
5.753768e0,-1.248512e2,6.729497e2,1.005105e2
5.770446e0,-1.248391e2,6.729614e2,1.005093e2
5.787123e0,-1.248250e2,6.729693e2,1.005080e2
5.803801e0,-1.248183e2,6.729762e2,1.005074e2
5.820478e0,-1.248129e2,6.729802e2,1.005069e2
5.837156e0,-1.248092e2,6.729832e2,1.005065e2
5.853834e0,-1.247964e2,6.729851e2,1.005054e2
5.870511e0,-1.247855e2,6.729862e2,1.005045e2
5.887189e0,-1.247836e2,6.729866e2,1.005044e2
5.903866e0,-1.247821e2,6.729868e2,1.005042e2
5.920544e0,-1.247759e2,6.729955e2,1.005036e2
5.937221e0,-1.247704e2,6.730032e2,1.005030e2
5.953899e0,-1.247706e2,6.730028e2,1.005030e2
5.970577e0,-1.247704e2,6.730030e2,1.005030e2
5.987254e0,-1.247704e2,6.730031e2,1.005030e2
6.003932e0,-1.247704e2,6.730032e2,1.005030e2
6.020609e0,-1.247703e2,6.730033e2,1.005030e2
6.037287e0,-1.245831e2,6.729674e2,1.004881e2
6.053965e0,-1.240394e2,6.730125e2,1.004427e2
6.070642e0,-1.233053e2,6.730505e2,1.003817e2
6.087320e0,-1.223104e2,6.732170e2,1.002972e2
6.103997e0,-1.208792e2,6.734700e2,1.001755e2
6.120675e0,-1.191874e2,6.738588e2,1.000303e2
6.137353e0,-1.173442e2,6.741583e2,9.987400e1
6.154030e0,-1.156624e2,6.745641e2,9.972947e1
6.170708e0,-1.136882e2,6.748524e2,9.956248e1
6.187385e0,-1.117882e2,6.751325e2,9.940172e1
6.204063e0,-1.098775e2,6.753866e2,9.924040e1
6.220740e0,-1.079329e2,6.757607e2,9.907467e1
6.237418e0,-1.059492e2,6.760575e2,9.890673e1
6.254096e0,-1.040772e2,6.763515e2,9.874807e1
6.270773e0,-1.021442e2,6.766050e2,9.858488e1
6.287451e0,-1.000059e2,6.768536e2,9.840471e1
6.304128e0,-9.820164e1,6.771530e2,9.825159e1
6.320806e0,-9.628592e1,6.772846e2,9.809121e1
6.337484e0,-9.429742e1,6.775063e2,9.792370e1
6.354161e0,-9.220239e1,6.778531e2,9.774590e1
6.370839e0,-9.029376e1,6.780366e2,9.758542e1
6.387516e0,-8.835940e1,6.782606e2,9.742232e1
6.404194e0,-8.643638e1,6.784889e2,9.726011e1
6.420872e0,-8.433419e1,6.787636e2,9.708252e1
6.437549e0,-8.215737e1,6.790849e2,9.689826e1
6.454227e0,-8.013798e1,6.793188e2,9.672798e1
6.470904e0,-7.810096e1,6.795361e2,9.655639e1
6.487582e0,-7.591882e1,6.796950e2,9.637326e1
6.504260e0,-7.375539e1,6.799462e2,9.619080e1
6.520937e0,-7.176059e1,6.801223e2,9.602307e1
6.537615e0,-6.968277e1,6.802708e2,9.584863e1
6.554292e0,-6.755964e1,6.803515e2,9.567094e1
6.570970e0,-6.560660e1,6.805956e2,9.550606e1
6.587647e0,-6.328412e1,6.808258e2,9.531050e1
6.604325e0,-6.134493e1,6.809641e2,9.514762e1
6.621003e0,-5.941348e1,6.811800e2,9.498480e1
6.637680e0,-5.691080e1,6.814434e2,9.477398e1
6.654358e0,-5.482057e1,6.815535e2,9.459867e1
6.671035e0,-5.274625e1,6.816171e2,9.442496e1
6.687713e0,-5.051776e1,6.817419e2,9.423793e1
6.704391e0,-4.834026e1,6.819331e2,9.405475e1
6.721068e0,-4.614400e1,6.820545e2,9.387041e1
6.737746e0,-4.389870e1,6.822022e2,9.368182e1
6.754423e0,-4.162506e1,6.823483e2,9.349087e1
6.771101e0,-3.963434e1,6.823638e2,9.332423e1
6.787779e0,-3.751696e1,6.823642e2,9.314700e1
6.804456e0,-3.527941e1,6.825786e2,9.295873e1
6.821134e0,-3.305944e1,6.826516e2,9.277255e1
6.837811e0,-3.071417e1,6.827579e2,9.257574e1
6.854489e0,-2.851320e1,6.828750e2,9.239098e1
6.871166e0,-2.634516e1,6.829507e2,9.220912e1
6.887844e0,-2.428529e1,6.830194e2,9.203634e1
6.904522e0,-2.193075e1,6.831217e2,9.183878e1
6.921199e0,-1.964916e1,6.831322e2,9.164756e1
6.937877e0,-1.738802e1,6.831470e2,9.145802e1
6.954554e0,-1.540606e1,6.831768e2,9.129184e1
6.971232e0,-1.322739e1,6.832050e2,9.110915e1
6.987910e0,-1.095582e1,6.832485e2,9.091865e1
7.004587e0,-8.699611e0,6.832281e2,9.072951e1
7.021265e0,-6.660930e0,6.832328e2,9.055857e1
7.037942e0,-4.211934e0,6.831913e2,9.035323e1
7.054620e0,-1.948483e0,6.832182e2,9.016340e1
7.071298e0,3.131831e-1,6.831826e2,8.997373e1
7.087975e0,2.536288e0,6.832004e2,8.978730e1
7.104653e0,4.790817e0,6.831868e2,8.959822e1
7.121330e0,7.032052e0,6.831941e2,8.941028e1
7.138008e0,9.284767e0,6.831581e2,8.922134e1
7.154685e0,1.157282e1,6.830605e2,8.902935e1
7.171363e0,1.352634e1,6.830664e2,8.886556e1
7.188041e0,1.574047e1,6.829092e2,8.867962e1
7.204718e0,1.800601e1,6.829506e2,8.848975e1
7.221396e0,2.025744e1,6.828324e2,8.830072e1
7.238073e0,2.248570e1,6.827791e2,8.811378e1
7.254751e0,2.476543e1,6.826255e2,8.792224e1
7.271429e0,2.697959e1,6.824724e2,8.773615e1
7.288106e0,2.929891e1,6.823765e2,8.754143e1
7.304784e0,3.149200e1,6.821880e2,8.735692e1
7.321461e0,3.360153e1,6.821986e2,8.718019e1
7.338139e0,3.603644e1,6.820095e2,8.697538e1
7.354817e0,3.829417e1,6.818689e2,8.678561e1
7.371494e0,4.032970e1,6.817359e2,8.661448e1
7.388172e0,4.236159e1,6.815488e2,8.644336e1
7.404849e0,4.465635e1,6.813209e2,8.624998e1
7.421527e0,4.663773e1,6.811799e2,8.608329e1
7.438204e0,4.891857e1,6.810566e2,8.589164e1
7.454882e0,5.118232e1,6.809473e2,8.570154e1
7.471560e0,5.341639e1,6.808081e2,8.551375e1
7.488237e0,5.538740e1,6.805221e2,8.534698e1
7.504915e0,5.789204e1,6.802620e2,8.513570e1
7.521592e0,5.996180e1,6.800382e2,8.496102e1
7.538270e0,6.209412e1,6.799741e2,8.478231e1
7.554948e0,6.412221e1,6.797574e2,8.461118e1
7.571625e0,6.630551e1,6.794878e2,8.442663e1
7.588303e0,6.844639e1,6.791919e2,8.424538e1
7.604980e0,7.047397e1,6.789743e2,8.407422e1
7.621658e0,7.253278e1,6.787196e2,8.390012e1
7.638336e0,7.465639e1,6.784441e2,8.372040e1
7.655013e0,7.668778e1,6.781726e2,8.354840e1
7.671691e0,7.885932e1,6.779536e2,8.336519e1
7.688368e0,8.117680e1,6.776966e2,8.316946e1
7.705046e0,8.317136e1,6.774183e2,8.300043e1
7.721723e0,8.527839e1,6.771238e2,8.282184e1
7.738401e0,8.733381e1,6.768595e2,8.264786e1
7.755079e0,8.939150e1,6.765277e2,8.247295e1
7.771756e0,9.137696e1,6.762123e2,8.230420e1
7.788434e0,9.338028e1,6.759941e2,8.213507e1
7.805111e0,9.543341e1,6.757455e2,8.196146e1
7.821789e0,9.736487e1,6.754234e2,8.179710e1
7.838467e0,9.939188e1,6.750332e2,8.162395e1
7.855144e0,1.014758e2,6.747295e2,8.144711e1
7.871822e0,1.034112e2,6.743938e2,8.128220e1
7.888499e0,1.054056e2,6.740369e2,8.111209e1
7.905177e0,1.074655e2,6.737507e2,8.093747e1
7.921855e0,1.094005e2,6.734913e2,8.077358e1
7.938532e0,1.114208e2,6.730362e2,8.059997e1
7.955210e0,1.133001e2,6.727515e2,8.044036e1
7.971887e0,1.152685e2,6.723576e2,8.027183e1
7.988565e0,1.171068e2,6.720735e2,8.011562e1
8.005242e0,1.191888e2,6.717742e2,7.993906e1
8.021920e0,1.209842e2,6.712949e2,7.978353e1
8.038598e0,1.227244e2,6.710477e2,7.963601e1
8.055275e0,1.242099e2,6.708251e2,7.950993e1
8.071953e0,1.251643e2,6.705267e2,7.942653e1
8.088630e0,1.259374e2,6.703177e2,7.935947e1
8.105308e0,1.264439e2,6.702240e2,7.931620e1
8.121986e0,1.264428e2,6.702102e2,7.931607e1
8.138663e0,1.264337e2,6.702075e2,7.931679e1
8.155341e0,1.264297e2,6.701986e2,7.931697e1
8.172018e0,1.264227e2,6.701950e2,7.931750e1
8.188696e0,1.264201e2,6.701829e2,7.931752e1
8.205374e0,1.264151e2,6.701807e2,7.931790e1
8.222051e0,1.264127e2,6.701701e2,7.931794e1
8.238729e0,1.264103e2,6.701674e2,7.931809e1
8.255406e0,1.264130e2,6.701616e2,7.931778e1
8.272084e0,1.264150e2,6.701561e2,7.931753e1
8.288761e0,1.264148e2,6.701541e2,7.931751e1
8.305439e0,1.264141e2,6.701525e2,7.931755e1
8.322117e0,1.264129e2,6.701532e2,7.931766e1
8.338794e0,1.264347e2,6.701486e2,7.931579e1
8.355472e0,1.264313e2,6.701490e2,7.931607e1
8.372149e0,1.264280e2,6.701491e2,7.931635e1
8.388827e0,1.264240e2,6.701479e2,7.931666e1
8.405505e0,1.264211e2,6.701469e2,7.931688e1
8.422182e0,1.264184e2,6.701458e2,7.931709e1
8.438860e0,1.264158e2,6.701444e2,7.931728e1
8.455537e0,1.264140e2,6.701444e2,7.931743e1
8.472215e0,1.262074e2,6.701579e2,7.933469e1
8.488893e0,1.258650e2,6.702798e2,7.936486e1
8.505570e0,1.249876e2,6.704218e2,7.943951e1
8.522248e0,1.237521e2,6.705397e2,7.954338e1
8.538925e0,1.222520e2,6.708679e2,7.967234e1
8.555603e0,1.203712e2,6.711789e2,7.983249e1
8.572280e0,1.184941e2,6.716174e2,7.999422e1
8.588958e0,1.165175e2,6.719029e2,8.016194e1
8.605636e0,1.145305e2,6.723150e2,8.033233e1
8.622313e0,1.125844e2,6.728183e2,8.050056e1
8.638991e0,1.105571e2,6.730931e2,8.067232e1
8.655668e0,1.086336e2,6.733880e2,8.083578e1
8.672346e0,1.066518e2,6.737909e2,8.100549e1
8.689024e0,1.046198e2,6.741624e2,8.117892e1
8.705701e0,1.025951e2,6.744791e2,8.135103e1
8.722379e0,1.006128e2,6.747633e2,8.151920e1
8.739056e0,9.863087e1,6.750641e2,8.168756e1
8.755734e0,9.660807e1,6.752993e2,8.185853e1
8.772412e0,9.455684e1,6.757274e2,8.203413e1
8.789089e0,9.246911e1,6.760660e2,8.221168e1
8.805767e0,9.044288e1,6.763144e2,8.238308e1
8.822444e0,8.823760e1,6.765414e2,8.256917e1
8.839122e0,8.625654e1,6.768088e2,8.273704e1
8.855799e0,8.427037e1,6.772734e2,8.290737e1
8.872477e0,8.222938e1,6.774472e2,8.307922e1
8.889155e0,8.015164e1,6.777656e2,8.325560e1
8.905832e0,7.809127e1,6.780751e2,8.343041e1
8.922510e0,7.608262e1,6.782525e2,8.359963e1
8.939187e0,7.407054e1,6.784372e2,8.376923e1
8.955865e0,7.195918e1,6.786992e2,8.394782e1
8.972543e0,6.989329e1,6.790258e2,8.412314e1
8.989220e0,6.790608e1,6.792497e2,8.429098e1
9.005898e0,6.562462e1,6.794216e2,8.448297e1
9.022575e0,6.338707e1,6.797014e2,8.467216e1
9.039253e0,6.135477e1,6.800198e2,8.484445e1
9.055931e0,5.916554e1,6.801193e2,8.502819e1
9.072608e0,5.695731e1,6.802885e2,8.521406e1
9.089286e0,5.493753e1,6.805107e2,8.538453e1
9.105963e0,5.271870e1,6.807248e2,8.557157e1
9.122641e0,5.044552e1,6.808960e2,8.576287e1
9.139318e0,4.846952e1,6.810547e2,8.592922e1
9.155996e0,4.630436e1,6.811935e2,8.611128e1
9.172674e0,4.402609e1,6.813345e2,8.630283e1
9.189351e0,4.204093e1,6.815444e2,8.647019e1
9.206029e0,3.975029e1,6.817904e2,8.666327e1
9.222706e0,3.747100e1,6.819530e2,8.685495e1
9.239384e0,3.526974e1,6.818728e2,8.703903e1
9.256062e0,3.297435e1,6.819767e2,8.723184e1
9.272739e0,3.089178e1,6.821263e2,8.740699e1
9.289417e0,2.879696e1,6.822203e2,8.758294e1
9.306094e0,2.643849e1,6.822911e2,8.778092e1
9.322772e0,2.420879e1,6.824031e2,8.796824e1
9.339450e0,2.219411e1,6.825383e2,8.813757e1
9.356127e0,1.976497e1,6.825210e2,8.834125e1
9.372805e0,1.760685e1,6.825144e2,8.852227e1
9.389482e0,1.546961e1,6.828854e2,8.870228e1
9.406160e0,1.321734e1,6.829563e2,8.889129e1
9.422837e0,1.099396e1,6.829853e2,8.907779e1
9.439515e0,8.774333e0,6.830822e2,8.926406e1
9.456193e0,6.389753e0,6.830865e2,8.946406e1
9.472870e0,4.145377e0,6.830941e2,8.965230e1
9.489548e0,1.907729e0,6.831051e2,8.983999e1
9.506225e0,-3.367010e-1,6.832925e2,9.002823e1
9.522903e0,-2.603957e0,6.831719e2,9.021839e1
9.539581e0,-4.772663e0,6.832313e2,9.040023e1
9.556258e0,-7.012685e0,6.832309e2,9.058806e1
9.572936e0,-9.269145e0,6.831649e2,9.077734e1
9.589613e0,-1.145888e1,6.831633e2,9.096095e1
9.606291e0,-1.377289e1,6.831747e2,9.115493e1
9.622969e0,-1.606751e1,6.831464e2,9.134734e1
9.639646e0,-1.817725e1,6.831510e2,9.152416e1
9.656324e0,-2.047340e1,6.830693e2,9.171679e1
9.673001e0,-2.276056e1,6.830467e2,9.190851e1
9.689679e0,-2.483409e1,6.829993e2,9.208238e1
9.706356e0,-2.714252e1,6.829615e2,9.227587e1
9.723034e0,-2.924677e1,6.828580e2,9.245248e1
9.739712e0,-3.144382e1,6.827904e2,9.263672e1
9.756389e0,-3.371404e1,6.827288e2,9.282704e1
9.773067e0,-3.586927e1,6.826550e2,9.300777e1
9.789744e0,-3.788946e1,6.824419e2,9.317782e1
9.806422e0,-4.035221e1,6.823749e2,9.338424e1
9.823100e0,-4.256207e1,6.822736e2,9.356964e1
9.839777e0,-4.471377e1,6.821897e2,9.375006e1
9.856455e0,-4.694826e1,6.819792e2,9.393810e1
9.873132e0,-4.914588e1,6.819653e2,9.412190e1
9.889810e0,-5.112279e1,6.818016e2,9.428812e1
9.906488e0,-5.340330e1,6.816993e2,9.447932e1
9.923165e0,-5.555445e1,6.815349e2,9.466009e1
9.939843e0,-5.752802e1,6.813231e2,9.482636e1
9.956520e0,-6.000017e1,6.812470e2,9.503328e1
9.973198e0,-6.198080e1,6.810457e2,9.520007e1
9.989875e0,-6.393357e1,6.808294e2,9.536465e1
1.000655e1,-6.614310e1,6.807044e2,9.554993e1
1.002323e1,-6.836492e1,6.805379e2,9.573653e1
1.003991e1,-7.045162e1,6.802718e2,9.591270e1
1.005659e1,-7.274085e1,6.801012e2,9.610491e1
1.007326e1,-7.480925e1,6.799482e2,9.627854e1
1.008994e1,-7.670052e1,6.796807e2,9.643847e1
1.010662e1,-7.883966e1,6.794233e2,9.661895e1
1.012330e1,-8.093918e1,6.792056e2,9.679574e1
1.013997e1,-8.286384e1,6.790678e2,9.695717e1
1.015665e1,-8.490215e1,6.787730e2,9.712963e1
1.017333e1,-8.694402e1,6.784880e2,9.730230e1
1.019001e1,-8.890822e1,6.782092e2,9.746847e1
1.020668e1,-9.090495e1,6.780414e2,9.763610e1
1.022336e1,-9.288029e1,6.777280e2,9.780358e1
1.024004e1,-9.493871e1,6.774529e2,9.797752e1
1.025672e1,-9.688469e1,6.770766e2,9.814333e1
1.027339e1,-9.887972e1,6.769731e2,9.830995e1
1.029007e1,-1.008636e2,6.766432e2,9.847835e1
1.030675e1,-1.028959e2,6.762913e2,9.865106e1
1.032343e1,-1.047587e2,6.760168e2,9.880875e1
1.034010e1,-1.065572e2,6.757494e2,9.896104e1
1.035678e1,-1.087274e2,6.754751e2,9.914414e1
1.037346e1,-1.105788e2,6.751520e2,9.930152e1
1.039014e1,-1.124368e2,6.748682e2,9.945892e1
1.040682e1,-1.142800e2,6.745442e2,9.961564e1
1.042349e1,-1.160284e2,6.742885e2,9.976357e1
1.044017e1,-1.179290e2,6.740332e2,9.992403e1
1.045685e1,-1.197331e2,6.737251e2,1.000773e2
1.047353e1,-1.215473e2,6.734256e2,1.002312e2
1.049020e1,-1.227586e2,6.732311e2,1.003339e2
1.050688e1,-1.237360e2,6.730086e2,1.004178e2
1.052356e1,-1.243581e2,6.728594e2,1.004713e2
1.054024e1,-1.247836e2,6.728840e2,1.005059e2
1.055691e1,-1.247716e2,6.729080e2,1.005046e2
1.057359e1,-1.247652e2,6.729264e2,1.005038e2
1.059027e1,-1.247620e2,6.729407e2,1.005033e2
1.060695e1,-1.247605e2,6.729524e2,1.005030e2
1.062362e1,-1.247590e2,6.729630e2,1.005027e2
1.064030e1,-1.247572e2,6.729714e2,1.005024e2
1.065698e1,-1.247544e2,6.729773e2,1.005021e2
1.067366e1,-1.247523e2,6.729820e2,1.005018e2
1.069033e1,-1.247509e2,6.729864e2,1.005017e2
1.070701e1,-1.247501e2,6.729892e2,1.005016e2
1.072369e1,-1.247497e2,6.729907e2,1.005015e2
1.074037e1,-1.247494e2,6.729916e2,1.005015e2
1.075704e1,-1.247492e2,6.729923e2,1.005014e2
1.077372e1,-1.247489e2,6.729929e2,1.005014e2
1.079040e1,-1.247488e2,6.729931e2,1.005014e2
1.080708e1,-1.247489e2,6.729933e2,1.005014e2
1.082375e1,-1.246919e2,6.728811e2,1.004984e2
1.084043e1,-1.246599e2,6.729056e2,1.004954e2
1.085711e1,-1.247139e2,6.729581e2,1.004991e2
1.087379e1,-1.247601e2,6.730056e2,1.005021e2
1.089047e1,-1.247576e2,6.730057e2,1.005019e2
1.090714e1,-1.247577e2,6.730067e2,1.005019e2
1.092382e1,-1.245544e2,6.729859e2,1.004855e2
1.094050e1,-1.240344e2,6.731047e2,1.004409e2
1.095718e1,-1.232879e2,6.731744e2,1.003784e2
1.097385e1,-1.220599e2,6.734358e2,1.002733e2
1.099053e1,-1.208160e2,6.734940e2,1.001699e2
1.100721e1,-1.189166e2,6.739284e2,1.000070e2
1.102389e1,-1.170952e2,6.742693e2,9.985186e1
1.104056e1,-1.153024e2,6.745076e2,9.970055e1
1.105724e1,-1.134939e2,6.746428e2,9.954935e1
1.107392e1,-1.115588e2,6.750384e2,9.938405e1
1.109060e1,-1.096335e2,6.752545e2,9.922200e1
1.110727e1,-1.078581e2,6.755376e2,9.907142e1
1.112395e1,-1.057676e2,6.758116e2,9.889490e1
1.114063e1,-1.037910e2,6.760864e2,9.872776e1
1.115731e1,-1.018814e2,6.764582e2,9.856495e1
1.117398e1,-9.986607e1,6.767011e2,9.839499e1
1.119066e1,-9.800027e1,6.769969e2,9.823677e1
1.120734e1,-9.597144e1,6.772391e2,9.806567e1
1.122402e1,-9.397827e1,6.774634e2,9.789771e1
1.124069e1,-9.187268e1,6.777342e2,9.771988e1
1.125737e1,-8.989008e1,6.780272e2,9.755200e1
1.127405e1,-8.790665e1,6.782435e2,9.738490e1
1.129073e1,-8.591807e1,6.784629e2,9.721731e1
1.130740e1,-8.383176e1,6.787319e2,9.704108e1
1.132408e1,-8.165390e1,6.790065e2,9.685717e1
1.134076e1,-7.968511e1,6.792259e2,9.669121e1
1.135744e1,-7.770736e1,6.794094e2,9.652484e1
1.137412e1,-7.562907e1,6.796399e2,9.634964e1
1.139079e1,-7.349002e1,6.797357e2,9.617060e1
1.140747e1,-7.143297e1,6.800283e2,9.599659e1
1.142415e1,-6.927437e1,6.801564e2,9.581556e1
1.144083e1,-6.734113e1,6.803653e2,9.565261e1
1.145750e1,-6.540692e1,6.805127e2,9.549007e1
1.147418e1,-6.311394e1,6.805017e2,9.529881e1
1.149086e1,-6.095651e1,6.806400e2,9.511762e1
1.150754e1,-5.869042e1,6.808876e2,9.492654e1
1.152421e1,-5.643833e1,6.809460e2,9.473797e1
1.154089e1,-5.446242e1,6.812406e2,9.457084e1
1.155757e1,-5.230504e1,6.813289e2,9.438994e1
1.157425e1,-5.011815e1,6.814698e2,9.420620e1
1.159092e1,-4.787141e1,6.815470e2,9.401782e1
1.160760e1,-4.581741e1,6.816792e2,9.384521e1
1.162428e1,-4.348072e1,6.821454e2,9.364716e1
1.164096e1,-4.140712e1,6.822036e2,9.347337e1
1.165763e1,-3.925898e1,6.822185e2,9.329351e1
1.167431e1,-3.719126e1,6.824252e2,9.311946e1
1.169099e1,-3.492761e1,6.824271e2,9.292992e1
1.170767e1,-3.269820e1,6.824067e2,9.274329e1
1.172434e1,-3.051222e1,6.825360e2,9.255966e1
1.174102e1,-2.824828e1,6.825129e2,9.237004e1
1.175770e1,-2.595297e1,6.827086e2,9.217703e1
1.177438e1,-2.370503e1,6.827731e2,9.198844e1
1.179106e1,-2.160669e1,6.828410e2,9.181237e1
1.180773e1,-1.915178e1,6.828722e2,9.160649e1
1.182441e1,-1.692104e1,6.829292e2,9.141934e1
1.184109e1,-1.484993e1,6.829670e2,9.124560e1
1.185777e1,-1.263174e1,6.829734e2,9.105958e1
1.187444e1,-1.041412e1,6.829796e2,9.087358e1
1.189112e1,-8.156654e0,6.830159e2,9.068420e1
1.190780e1,-5.872528e0,6.831933e2,9.049249e1
1.192448e1,-3.689859e0,6.831663e2,9.030946e1
1.194115e1,-1.471262e0,6.831551e2,9.012339e1
1.195783e1,8.389856e-1,6.831613e2,8.992964e1
1.197451e1,3.195984e0,6.831412e2,8.973195e1
1.199119e1,5.286275e0,6.831100e2,8.955662e1
1.200786e1,7.584898e0,6.830704e2,8.936381e1
1.202454e1,9.899859e0,6.830978e2,8.916969e1
1.204122e1,1.208521e1,6.830821e2,8.898642e1
1.205790e1,1.412457e1,6.829721e2,8.881523e1
1.207457e1,1.638332e1,6.828488e2,8.862559e1
1.209125e1,1.858928e1,6.828207e2,8.844055e1
1.210793e1,2.085114e1,6.828742e2,8.825105e1
1.212461e1,2.315338e1,6.827911e2,8.805785e1
1.214128e1,2.534832e1,6.825905e2,8.787327e1
1.215796e1,2.756677e1,6.823816e2,8.768663e1
1.217464e1,2.981350e1,6.822824e2,8.749795e1
1.219132e1,3.213432e1,6.821934e2,8.730311e1
1.220799e1,3.436881e1,6.820349e2,8.711522e1
1.222467e1,3.640314e1,6.819165e2,8.694425e1
1.224135e1,3.867044e1,6.817914e2,8.675373e1
1.225803e1,4.087817e1,6.817336e2,8.656853e1
1.227471e1,4.304547e1,6.815923e2,8.638633e1
1.229138e1,4.516926e1,6.812461e2,8.620662e1
1.230806e1,4.734516e1,6.811987e2,8.602418e1
1.232474e1,4.951883e1,6.810111e2,8.584113e1
1.234142e1,5.172178e1,6.807681e2,8.565526e1
1.235809e1,5.396716e1,6.807459e2,8.546727e1
1.237477e1,5.621885e1,6.805082e2,8.527735e1
1.239145e1,5.825315e1,6.800691e2,8.510413e1
1.240813e1,6.044304e1,6.799007e2,8.491977e1
1.242480e1,6.263668e1,6.797011e2,8.473488e1
1.244148e1,6.461392e1,6.794615e2,8.456775e1
1.245816e1,6.659927e1,6.791558e2,8.439938e1
1.247484e1,6.888486e1,6.790073e2,8.420720e1
1.249151e1,7.091111e1,6.787397e2,8.403568e1
1.250819e1,7.297064e1,6.785037e2,8.386164e1
1.252487e1,7.512930e1,6.782945e2,8.367956e1
1.254155e1,7.725729e1,6.781500e2,8.350068e1
1.255822e1,7.929431e1,6.778757e2,8.332816e1
1.257490e1,8.147150e1,6.776255e2,8.314419e1
1.259158e1,8.354368e1,6.772678e2,8.296786e1
1.260826e1,8.571409e1,6.770056e2,8.278431e1
1.262493e1,8.771895e1,6.766588e2,8.261363e1
1.264161e1,8.966367e1,6.764155e2,8.244906e1
1.265829e1,9.163350e1,6.761464e2,8.228212e1
1.267497e1,9.369299e1,6.758072e2,8.210690e1
1.269164e1,9.561023e1,6.754712e2,8.194353e1
1.270832e1,9.759352e1,6.751969e2,8.177538e1
1.272500e1,9.957995e1,6.749746e2,8.160761e1
1.274168e1,1.016249e2,6.746046e2,8.143318e1
1.275836e1,1.036587e2,6.741923e2,8.125908e1
1.277503e1,1.057009e2,6.739670e2,8.108669e1
1.279171e1,1.075855e2,6.735561e2,8.092494e1
1.280839e1,1.095795e2,6.731158e2,8.075368e1
1.282507e1,1.115379e2,6.728480e2,8.058768e1
1.284174e1,1.135051e2,6.725844e2,8.042104e1
1.285842e1,1.153968e2,6.721406e2,8.025812e1
1.287510e1,1.173080e2,6.717954e2,8.009496e1
1.289178e1,1.193245e2,6.714139e2,7.992255e1
1.290845e1,1.211249e2,6.711193e2,7.976928e1
1.292513e1,1.228284e2,6.706907e2,7.962202e1
1.294181e1,1.241257e2,6.704929e2,7.951180e1
1.295849e1,1.251976e2,6.702714e2,7.941984e1
1.297516e1,1.259307e2,6.701647e2,7.935764e1
1.299184e1,1.263727e2,6.700923e2,7.932002e1
1.300852e1,1.263640e2,6.700982e2,7.932083e1
1.302520e1,1.263596e2,6.701022e2,7.932126e1
1.304187e1,1.263577e2,6.701049e2,7.932146e1
1.305855e1,1.263548e2,6.701050e2,7.932170e1
1.307523e1,1.263537e2,6.701066e2,7.932181e1
1.309191e1,1.263521e2,6.701063e2,7.932194e1
1.310858e1,1.263504e2,6.701064e2,7.932209e1
1.312526e1,1.263472e2,6.701040e2,7.932231e1
1.314194e1,1.263443e2,6.701005e2,7.932250e1
1.315862e1,1.263425e2,6.700971e2,7.932260e1
1.317529e1,1.263404e2,6.700929e2,7.932270e1
1.319197e1,1.262829e2,6.699907e2,7.932586e1
1.320865e1,1.262908e2,6.699987e2,7.932533e1
1.322533e1,1.262912e2,6.700018e2,7.932535e1
1.324201e1,1.262948e2,6.700117e2,7.932520e1
1.325868e1,1.262972e2,6.700175e2,7.932510e1
1.327536e1,1.262982e2,6.700179e2,7.932502e1
1.329204e1,1.262825e2,6.701109e2,7.932776e1
1.330872e1,1.262668e2,6.701969e2,7.933040e1
1.332539e1,1.262737e2,6.701842e2,7.932963e1
1.334207e1,1.262812e2,6.701751e2,7.932887e1
1.335875e1,1.262944e2,6.701597e2,7.932754e1
1.337543e1,1.263067e2,6.701461e2,7.932632e1
1.339210e1,1.262896e2,6.701582e2,7.932792e1
1.340878e1,1.261149e2,6.701374e2,7.934201e1
1.342546e1,1.255539e2,6.703259e2,7.939126e1
1.344214e1,1.245179e2,6.705525e2,7.948031e1
1.345881e1,1.232739e2,6.706010e2,7.958384e1
1.347549e1,1.218234e2,6.710778e2,7.971092e1
1.349217e1,1.200585e2,6.713458e2,7.986083e1
1.350885e1,1.181287e2,6.716285e2,8.002462e1
1.352552e1,1.162472e2,6.720160e2,8.018594e1
1.354220e1,1.142479e2,6.722968e2,8.035548e1
1.355888e1,1.123775e2,6.727643e2,8.051696e1
1.357556e1,1.102808e2,6.730874e2,8.069515e1
1.359223e1,1.082884e2,6.733373e2,8.086373e1
1.360891e1,1.063739e2,6.738776e2,8.102968e1
1.362559e1,1.043334e2,6.741380e2,8.120238e1
1.364227e1,1.023217e2,6.743634e2,8.137227e1
1.365894e1,1.003979e2,6.747536e2,8.153694e1
1.367562e1,9.834709e1,6.751849e2,8.171261e1
1.369230e1,9.634674e1,6.754093e2,8.188156e1
1.370898e1,9.437689e1,6.756556e2,8.204826e1
1.372566e1,9.236456e1,6.759868e2,8.221948e1
1.374233e1,9.012020e1,6.763029e2,8.240981e1
1.375901e1,8.815286e1,6.766749e2,8.257767e1
1.377569e1,8.615752e1,6.769936e2,8.274725e1
1.379237e1,8.391369e1,6.774297e2,8.293870e1
1.380904e1,8.205967e1,6.775442e2,8.309435e1
1.382572e1,7.998548e1,6.779279e2,8.327105e1
1.384240e1,7.779950e1,6.780446e2,8.345445e1
1.385908e1,7.588344e1,6.781643e2,8.361543e1
1.387575e1,7.388628e1,6.783400e2,8.378372e1
1.389243e1,7.159766e1,6.786290e2,8.397738e1
1.390911e1,6.958642e1,6.788483e2,8.414725e1
1.392579e1,6.732859e1,6.791142e2,8.433810e1
1.394246e1,6.511283e1,6.793342e2,8.452504e1
1.395914e1,6.311449e1,6.795800e2,8.469400e1
1.397582e1,6.090847e1,6.798291e2,8.488032e1
1.399250e1,5.877698e1,6.800631e2,8.506027e1
1.400917e1,5.655429e1,6.802315e2,8.524737e1
1.402585e1,5.434841e1,6.803824e2,8.543296e1
1.404253e1,5.217892e1,6.805326e2,8.561550e1
1.405921e1,5.016703e1,6.807927e2,8.578554e1
1.407588e1,4.796968e1,6.810537e2,8.597105e1
1.409256e1,4.570332e1,6.812071e2,8.616168e1
1.410924e1,4.364715e1,6.812021e2,8.633386e1
1.412592e1,4.138789e1,6.813398e2,8.652385e1
1.414260e1,3.915859e1,6.815250e2,8.671155e1
1.415927e1,3.699685e1,6.817660e2,8.689382e1
1.417595e1,3.472846e1,6.818415e2,8.708425e1
1.419263e1,3.253475e1,6.820488e2,8.726898e1
1.420931e1,3.039278e1,6.821372e2,8.744886e1
1.422598e1,2.818623e1,6.823005e2,8.763442e1
1.424266e1,2.595344e1,6.823344e2,8.782173e1
1.425934e1,2.373807e1,6.824056e2,8.800772e1
1.427602e1,2.145930e1,6.824827e2,8.819904e1
1.429269e1,1.919814e1,6.825700e2,8.838891e1
1.430937e1,1.716013e1,6.826200e2,8.855997e1
1.432605e1,1.490616e1,6.826460e2,8.874910e1
1.434273e1,1.263320e1,6.826461e2,8.893979e1
1.435940e1,1.054247e1,6.826763e2,8.911526e1
1.437608e1,8.188019e0,6.828243e2,8.931298e1
1.439276e1,5.816562e0,6.829597e2,8.951204e1
1.440944e1,3.695908e0,6.830280e2,8.968997e1
1.442611e1,1.537935e0,6.830309e2,8.987099e1
1.444279e1,-8.413263e-1,6.830951e2,9.007057e1
1.445947e1,-2.859012e0,6.830831e2,9.023981e1
1.447615e1,-5.135973e0,6.830906e2,9.043078e1
1.449282e1,-7.398885e0,6.830641e2,9.062060e1
1.450950e1,-9.669059e0,6.830737e2,9.081098e1
1.452618e1,-1.189258e1,6.830903e2,9.099742e1
1.454286e1,-1.440231e1,6.830265e2,9.120796e1
1.455953e1,-1.650496e1,6.830291e2,9.138425e1
1.457621e1,-1.867313e1,6.830105e2,9.156604e1
1.459289e1,-2.093815e1,6.830051e2,9.175590e1
1.460957e1,-2.298155e1,6.829729e2,9.192723e1
1.462625e1,-2.530184e1,6.829480e2,9.212172e1
1.464292e1,-2.763117e1,6.829441e2,9.231686e1
1.465960e1,-2.977232e1,6.828436e2,9.249654e1
1.467628e1,-3.186152e1,6.827149e2,9.267199e1
1.469296e1,-3.419417e1,6.826695e2,9.286749e1
1.470963e1,-3.628730e1,6.825933e2,9.304303e1
1.472631e1,-3.846657e1,6.824002e2,9.322632e1
1.474299e1,-4.081596e1,6.822853e2,9.342349e1
1.475967e1,-4.290350e1,6.821685e2,9.359875e1
1.477634e1,-4.501428e1,6.820785e2,9.377580e1
1.479302e1,-4.747339e1,6.819701e2,9.398206e1
1.480970e1,-4.956386e1,6.818220e2,9.415770e1
1.482638e1,-5.174612e1,6.818077e2,9.434017e1
1.484305e1,-5.387892e1,6.815923e2,9.451975e1
1.485973e1,-5.595795e1,6.813265e2,9.469521e1
1.487641e1,-5.818041e1,6.812755e2,9.488117e1
1.489309e1,-6.036896e1,6.810467e2,9.506554e1
1.490976e1,-6.246315e1,6.808372e2,9.524191e1
1.492644e1,-6.476047e1,6.805620e2,9.543575e1
1.494312e1,-6.676100e1,6.804781e2,9.560330e1
1.495980e1,-6.873021e1,6.802096e2,9.576974e1
1.497647e1,-7.094573e1,6.800307e2,9.595596e1
1.499315e1,-7.320722e1,6.797941e2,9.614651e1
1.500983e1,-7.524835e1,6.797388e2,9.631703e1
1.502651e1,-7.733122e1,6.794637e2,9.649302e1
1.504318e1,-7.958567e1,6.792007e2,9.668319e1
1.505986e1,-8.135150e1,6.790061e2,9.683202e1
1.507654e1,-8.353801e1,6.787838e2,9.701612e1
1.509322e1,-8.564669e1,6.784670e2,9.719471e1
1.510990e1,-8.750298e1,6.781163e2,9.735272e1
1.512657e1,-8.951086e1,6.778819e2,9.752210e1
1.514325e1,-9.162562e1,6.775514e2,9.770142e1
1.515993e1,-9.363385e1,6.773541e2,9.787039e1
1.517661e1,-9.565390e1,6.771908e2,9.803990e1
1.519328e1,-9.773182e1,6.769830e2,9.821468e1
1.520996e1,-9.960231e1,6.767201e2,9.837290e1
1.522664e1,-1.016374e2,6.764412e2,9.854495e1
1.524332e1,-1.036218e2,6.761750e2,9.871263e1
1.525999e1,-1.054860e2,6.758658e2,9.887089e1
1.527667e1,-1.074618e2,6.755775e2,9.903813e1
1.529335e1,-1.094140e2,6.752428e2,9.920402e1
1.531003e1,-1.111432e2,6.750921e2,9.934898e1
1.532670e1,-1.129044e2,6.748073e2,9.949838e1
1.534338e1,-1.147993e2,6.743411e2,9.966137e1
1.536006e1,-1.165741e2,6.740823e2,9.981155e1
1.537674e1,-1.185479e2,6.738726e2,9.997740e1
1.539341e1,-1.205152e2,6.734156e2,1.001463e2
1.541009e1,-1.218878e2,6.732728e2,1.002616e2
1.542677e1,-1.230734e2,6.730736e2,1.003622e2
1.544345e1,-1.240126e2,6.728484e2,1.004430e2
1.546012e1,-1.245876e2,6.728006e2,1.004911e2
1.547680e1,-1.248524e2,6.727993e2,1.005129e2
1.549348e1,-1.248338e2,6.728346e2,1.005108e2
1.551016e1,-1.248199e2,6.728625e2,1.005092e2
1.552683e1,-1.248050e2,6.728729e2,1.005078e2
1.554351e1,-1.247917e2,6.728831e2,1.005066e2
1.556019e1,-1.247820e2,6.728230e2,1.005067e2
1.557687e1,-1.247744e2,6.728473e2,1.005057e2
1.559355e1,-1.247673e2,6.728049e2,1.005058e2
1.561022e1,-1.247630e2,6.727579e2,1.005061e2
1.562690e1,-1.247624e2,6.727906e2,1.005056e2
1.564358e1,-1.247593e2,6.728128e2,1.005050e2
1.566026e1,-1.247576e2,6.728523e2,1.005043e2
1.567693e1,-1.247604e2,6.728994e2,1.005038e2
1.569361e1,-1.247515e2,6.729696e2,1.005020e2
1.571029e1,-1.247500e2,6.729714e2,1.005018e2
1.572697e1,-1.247533e2,6.729941e2,1.005017e2
1.574364e1,-1.247498e2,6.730048e2,1.005013e2
1.576032e1,-1.247490e2,6.730046e2,1.005012e2
1.577700e1,-1.247485e2,6.730046e2,1.005012e2
1.579368e1,-1.247480e2,6.730046e2,1.005011e2
1.581035e1,-1.247476e2,6.730045e2,1.005011e2
1.582703e1,-1.247474e2,6.730045e2,1.005011e2
1.584371e1,-1.247472e2,6.730045e2,1.005011e2
1.586039e1,-1.247458e2,6.730104e2,1.005009e2
1.587706e1,-1.247436e2,6.730146e2,1.005006e2
1.589374e1,-1.247306e2,6.730250e2,1.004994e2
1.591042e1,-1.245240e2,6.730293e2,1.004823e2
1.592710e1,-1.239689e2,6.732524e2,1.004333e2
1.594377e1,-1.229675e2,6.732424e2,1.003510e2
1.596045e1,-1.218095e2,6.734994e2,1.002517e2
1.597713e1,-1.202546e2,6.737117e2,1.001205e2
1.599381e1,-1.185773e2,6.740851e2,9.997675e1
1.601048e1,-1.167794e2,6.744243e2,9.982360e1
1.602716e1,-1.148104e2,6.746764e2,9.965757e1
1.604384e1,-1.129498e2,6.750021e2,9.949944e1
1.606052e1,-1.110167e2,6.752708e2,9.933609e1
1.607720e1,-1.092544e2,6.754811e2,9.918763e1
1.609387e1,-1.072206e2,6.757296e2,9.901618e1
1.611055e1,-1.053324e2,6.760883e2,9.885531e1
1.612723e1,-1.035314e2,6.763271e2,9.870322e1
1.614391e1,-1.015728e2,6.765570e2,9.853816e1
1.616058e1,-9.966629e1,6.768432e2,9.837670e1
1.617726e1,-9.765509e1,6.770809e2,9.820715e1
1.619394e1,-9.569162e1,6.772934e2,9.804183e1
1.621062e1,-9.371164e1,6.775217e2,9.787492e1
1.622729e1,-9.175948e1,6.778098e2,9.770963e1
1.624397e1,-8.962229e1,6.780696e2,9.752930e1
1.626065e1,-8.765588e1,6.782873e2,9.736359e1
1.627733e1,-8.571236e1,6.785235e2,9.719958e1
1.629400e1,-8.359253e1,6.787960e2,9.702053e1
1.631068e1,-8.144289e1,6.790747e2,9.683894e1
1.632736e1,-7.948994e1,6.792841e2,9.667441e1
1.634404e1,-7.740401e1,6.794965e2,9.649877e1
1.636071e1,-7.520701e1,6.797256e2,9.631371e1
1.637739e1,-7.318934e1,6.800355e2,9.614286e1
1.639407e1,-7.090634e1,6.801936e2,9.595127e1
1.641075e1,-6.890152e1,6.803348e2,9.578296e1
1.642742e1,-6.684670e1,6.804633e2,9.561057e1
1.644410e1,-6.472235e1,6.805928e2,9.543232e1
1.646078e1,-6.246014e1,6.808108e2,9.524186e1
1.647746e1,-6.049485e1,6.810714e2,9.507587e1
1.649413e1,-5.837015e1,6.812167e2,9.489743e1
1.651081e1,-5.601625e1,6.813683e2,9.469980e1
1.652749e1,-5.397819e1,6.816139e2,9.452790e1
1.654417e1,-5.176095e1,6.816355e2,9.434250e1
1.656085e1,-4.962446e1,6.817929e2,9.416295e1
1.657752e1,-4.749574e1,6.819814e2,9.398386e1
1.659420e1,-4.526835e1,6.821125e2,9.379686e1
1.661088e1,-4.303402e1,6.822252e2,9.360937e1
1.662756e1,-4.097099e1,6.822334e2,9.343673e1
1.664423e1,-3.872133e1,6.822188e2,9.324851e1
1.666091e1,-3.649941e1,6.822035e2,9.306253e1
1.667759e1,-3.441790e1,6.823274e2,9.288766e1
1.669427e1,-3.205315e1,6.826616e2,9.268825e1
1.671094e1,-2.977235e1,6.827166e2,9.249701e1
1.672762e1,-2.770370e1,6.828634e2,9.232321e1
1.674430e1,-2.538787e1,6.829685e2,9.212887e1
1.676098e1,-2.322969e1,6.830444e2,9.194782e1
1.677765e1,-2.101839e1,6.831390e2,9.176228e1
1.679433e1,-1.874460e1,6.831281e2,9.157177e1
1.681101e1,-1.649804e1,6.831434e2,9.138344e1
1.682769e1,-1.448886e1,6.831310e2,9.121503e1
1.684436e1,-1.223101e1,6.831426e2,9.102572e1
1.686104e1,-1.000276e1,6.832204e2,9.083878e1
1.687772e1,-7.748603e0,6.832029e2,9.064980e1
1.689440e1,-5.540328e0,6.831769e2,9.046464e1
1.691107e1,-3.315991e0,6.831553e2,9.027811e1
1.692775e1,-1.118197e0,6.831643e2,9.009378e1
1.694443e1,1.287093e0,6.831215e2,8.989205e1
1.696111e1,3.630705e0,6.831128e2,8.969548e1
1.697779e1,5.730826e0,6.831111e2,8.951934e1
1.699446e1,8.013567e0,6.830817e2,8.932787e1
1.701114e1,1.029553e1,6.830360e2,8.913644e1
1.702782e1,1.234322e1,6.830070e2,8.896467e1
1.704450e1,1.463539e1,6.829690e2,8.877239e1
1.706117e1,1.691147e1,6.829860e2,8.858158e1
1.707785e1,1.914911e1,6.828656e2,8.839372e1
1.709453e1,2.140547e1,6.827594e2,8.820428e1
1.711121e1,2.353827e1,6.827767e2,8.802555e1
1.712788e1,2.566643e1,6.825226e2,8.784639e1
1.714456e1,2.798048e1,6.822793e2,8.765160e1
1.716124e1,3.036718e1,6.822489e2,8.745142e1
1.717792e1,3.244676e1,6.822119e2,8.727700e1
1.719459e1,3.470175e1,6.820846e2,8.708753e1
1.721127e1,3.698591e1,6.819828e2,8.689572e1
1.722795e1,3.903206e1,6.819032e2,8.672397e1
1.724463e1,4.128189e1,6.817090e2,8.653460e1
1.726130e1,4.336360e1,6.814858e2,8.635912e1
1.727798e1,4.546739e1,6.812303e2,8.618157e1
1.729466e1,4.772046e1,6.811789e2,8.599265e1
1.731134e1,4.997681e1,6.810093e2,8.580279e1
1.732801e1,5.204538e1,6.807404e2,8.562801e1
1.734469e1,5.430773e1,6.807535e2,8.543884e1
1.736137e1,5.653576e1,6.804737e2,8.525061e1
1.737805e1,5.853104e1,6.802051e2,8.508186e1
1.739472e1,6.082349e1,6.800312e2,8.488894e1
1.741140e1,6.301996e1,6.799222e2,8.470456e1
1.742808e1,6.513776e1,6.796747e2,8.452568e1
1.744476e1,6.721222e1,6.793886e2,8.435009e1
1.746144e1,6.943754e1,6.791393e2,8.416217e1
1.747811e1,7.134707e1,6.789227e2,8.400088e1
1.749479e1,7.355218e1,6.786606e2,8.381451e1
1.751147e1,7.549976e1,6.784026e2,8.364966e1
1.752815e1,7.754664e1,6.781045e2,8.347611e1
1.754482e1,7.977497e1,6.779009e2,8.328834e1
1.756150e1,8.198146e1,6.776167e2,8.310160e1
1.757818e1,8.404705e1,6.773206e2,8.292646e1
1.759486e1,8.621178e1,6.770421e2,8.274324e1
1.761153e1,8.820843e1,6.767451e2,8.257381e1
1.762821e1,9.024626e1,6.763486e2,8.239983e1
1.764489e1,9.226834e1,6.761183e2,8.222898e1
1.766157e1,9.425147e1,6.755954e2,8.205800e1
1.767824e1,9.630960e1,6.752774e2,8.188309e1
1.769492e1,9.833163e1,6.750729e2,8.171254e1
1.771160e1,1.003477e2,6.748653e2,8.154249e1
1.772828e1,1.023593e2,6.745151e2,8.137106e1
1.774495e1,1.043332e2,6.740848e2,8.120171e1
1.776163e1,1.064047e2,6.738083e2,8.102622e1
1.777831e1,1.083680e2,6.735174e2,8.085953e1
1.779499e1,1.103513e2,6.732593e2,8.069164e1
1.781166e1,1.123643e2,6.727980e2,8.051851e1
1.782834e1,1.142006e2,6.724417e2,8.036143e1
1.784502e1,1.161315e2,6.720227e2,8.019561e1
1.786170e1,1.181066e2,6.714894e2,8.002442e1
1.787837e1,1.199442e2,6.712624e2,7.986905e1
1.789505e1,1.216405e2,6.708859e2,7.972316e1
1.791173e1,1.233729e2,6.706001e2,7.957564e1
1.792841e1,1.246764e2,6.704098e2,7.946503e1
1.794509e1,1.254186e2,6.701901e2,7.940033e1
1.796176e1,1.260871e2,6.700907e2,7.934358e1
1.797844e1,1.264399e2,6.699844e2,7.931280e1
1.799512e1,1.264251e2,6.700043e2,7.931433e1
1.801180e1,1.264177e2,6.700171e2,7.931514e1
1.802847e1,1.264114e2,6.700292e2,7.931585e1
1.804515e1,1.263896e2,6.700205e2,7.931752e1
1.806183e1,1.264463e2,6.701839e2,7.931538e1
1.807851e1,1.264381e2,6.701765e2,7.931594e1
1.809518e1,1.264283e2,6.701856e2,7.931689e1
1.811186e1,1.264181e2,6.701907e2,7.931781e1
1.812854e1,1.264131e2,6.702011e2,7.931839e1
1.814522e1,1.264156e2,6.702206e2,7.931848e1
1.816189e1,1.264165e2,6.702216e2,7.931842e1
1.817857e1,1.264193e2,6.702250e2,7.931824e1
1.819525e1,1.264248e2,6.702311e2,7.931789e1
1.821193e1,1.264200e2,6.702295e2,7.931826e1
1.822860e1,1.264051e2,6.702410e2,7.931967e1
1.824528e1,1.264035e2,6.702385e2,7.931975e1
1.826196e1,1.263994e2,6.702380e2,7.932009e1
1.827864e1,1.263968e2,6.702378e2,7.932030e1
1.829531e1,1.263940e2,6.702384e2,7.932054e1
1.831199e1,1.263919e2,6.702384e2,7.932072e1
1.832867e1,1.263976e2,6.702376e2,7.932023e1
1.834535e1,1.263973e2,6.702370e2,7.932025e1
1.836202e1,1.263980e2,6.702357e2,7.932017e1
1.837870e1,1.263993e2,6.702342e2,7.932004e1
1.839538e1,1.263957e2,6.702334e2,7.932032e1
1.841206e1,1.263926e2,6.702325e2,7.932057e1
1.842874e1,1.263519e2,6.702622e2,7.932439e1
1.844541e1,1.263130e2,6.702909e2,7.932805e1
1.846209e1,1.262851e2,6.702706e2,7.933003e1
1.847877e1,1.261226e2,6.702544e2,7.934319e1
1.849545e1,1.260034e2,6.702904e2,7.935360e1
1.851212e1,1.258757e2,6.703236e2,7.936466e1
1.852880e1,1.256792e2,6.703596e2,7.938143e1
1.854548e1,1.254365e2,6.704212e2,7.940243e1
1.856216e1,1.253074e2,6.703621e2,7.941218e1
1.857883e1,1.251704e2,6.704860e2,7.942540e1
1.859551e1,1.249353e2,6.704973e2,7.944499e1
1.861219e1,1.246543e2,6.704620e2,7.946766e1
1.862887e1,1.243709e2,6.704532e2,7.949094e1
1.864554e1,1.241521e2,6.704901e2,7.950958e1
1.866222e1,1.238616e2,6.705183e2,7.953401e1
1.867890e1,1.234892e2,6.706825e2,7.956728e1
1.869558e1,1.232038e2,6.708227e2,7.959300e1
1.871225e1,1.229460e2,6.709202e2,7.961577e1
1.872893e1,1.224977e2,6.709636e2,7.965347e1
1.874561e1,1.222115e2,6.710086e2,7.967780e1
1.876229e1,1.216428e2,6.712393e2,7.972826e1
1.877896e1,1.213247e2,6.712140e2,7.975418e1
1.879564e1,1.209530e2,6.711967e2,7.978465e1
1.881232e1,1.205351e2,6.713396e2,7.982133e1
1.882900e1,1.201903e2,6.713622e2,7.985017e1
1.884567e1,1.198005e2,6.713867e2,7.988277e1
1.886235e1,1.194199e2,6.714682e2,7.991545e1
1.887903e1,1.190600e2,6.714092e2,7.994436e1
1.889571e1,1.185208e2,6.713768e2,7.998850e1
1.891239e1,1.181795e2,6.715182e2,8.001881e1
1.892906e1,1.178092e2,6.715295e2,8.004962e1
1.894574e1,1.173991e2,6.714857e2,8.008293e1
1.896242e1,1.170521e2,6.716023e2,8.011335e1
1.897910e1,1.166744e2,6.716830e2,8.014579e1
1.899577e1,1.162141e2,6.716827e2,8.018390e1
1.901245e1,1.158513e2,6.717433e2,8.021482e1
1.902913e1,1.154058e2,6.718618e2,8.025341e1
1.904581e1,1.151593e2,6.721417e2,8.027780e1
1.906248e1,1.146913e2,6.721344e2,8.031646e1
1.907916e1,1.142594e2,6.721469e2,8.035242e1
1.909584e1,1.139602e2,6.723312e2,8.037979e1
1.911252e1,1.135153e2,6.723372e2,8.041674e1
1.912919e1,1.131342e2,6.724445e2,8.044982e1
1.914587e1,1.127810e2,6.726126e2,8.048142e1
1.916255e1,1.123996e2,6.727440e2,8.051484e1
1.917923e1,1.120251e2,6.729367e2,8.054853e1
1.919590e1,1.117629e2,6.729233e2,8.057007e1
1.921258e1,1.111821e2,6.730393e2,8.061979e1
1.922926e1,1.107142e2,6.731527e2,8.066012e1
1.924594e1,1.103834e2,6.731859e2,8.068798e1
1.926261e1,1.099962e2,6.732510e2,8.072096e1
1.927929e1,1.096268e2,6.733589e2,8.075304e1
1.929597e1,1.092026e2,6.734947e2,8.079003e1
1.931265e1,1.088664e2,6.735254e2,8.081831e1
1.932933e1,1.084846e2,6.735764e2,8.085065e1
1.934600e1,1.081830e2,6.735803e2,8.087571e1
1.936268e1,1.076755e2,6.735007e2,8.091674e1
1.937936e1,1.071864e2,6.734861e2,8.095712e1
1.939604e1,1.069212e2,6.735790e2,8.098035e1
1.941271e1,1.065320e2,6.736471e2,8.101355e1
1.942939e1,1.062000e2,6.737252e2,8.104212e1
1.944607e1,1.057658e2,6.737953e2,8.107907e1
1.946275e1,1.053182e2,6.739969e2,8.111883e1
1.947942e1,1.049092e2,6.740931e2,8.115401e1
1.949610e1,1.044540e2,6.740766e2,8.119158e1
1.951278e1,1.041759e2,6.741570e2,8.121570e1
1.952946e1,1.036987e2,6.741963e2,8.125582e1
1.954613e1,1.032413e2,6.742731e2,8.129476e1
1.956281e1,1.030228e2,6.743518e2,8.131390e1
1.957949e1,1.024881e2,6.743190e2,8.135789e1
1.959617e1,1.021368e2,6.743289e2,8.138720e1
1.961284e1,1.017352e2,6.743004e2,8.142020e1
1.962952e1,1.012873e2,6.743921e2,8.145856e1
1.964620e1,1.009312e2,6.744967e2,8.148945e1
1.966288e1,1.004191e2,6.744498e2,8.153142e1
1.967955e1,1.002053e2,6.745047e2,8.154987e1
1.969623e1,9.976706e1,6.747141e2,8.158887e1
1.971291e1,9.923807e1,6.748066e2,8.163396e1
1.972959e1,9.883716e1,6.748981e2,8.166840e1
1.974626e1,9.842652e1,6.748856e2,8.170238e1
1.976294e1,9.807434e1,6.749524e2,8.173247e1
1.977962e1,9.766060e1,6.749776e2,8.176717e1
1.979630e1,9.720255e1,6.750471e2,8.180609e1
1.981298e1,9.675491e1,6.750964e2,8.184390e1
1.982965e1,9.632571e1,6.751225e2,8.187991e1
1.984633e1,9.596831e1,6.753812e2,8.191270e1
1.986301e1,9.569918e1,6.753315e2,8.193449e1
1.987969e1,9.518310e1,6.755294e2,8.197974e1
1.989636e1,9.474460e1,6.754854e2,8.201569e1
1.991304e1,9.428232e1,6.755280e2,8.205465e1
1.992972e1,9.391344e1,6.756062e2,8.208624e1
1.994640e1,9.355607e1,6.755601e2,8.211545e1
1.996307e1,9.310427e1,6.755490e2,8.215292e1
1.997975e1,9.259935e1,6.755084e2,8.219449e1
1.999643e1,9.214757e1,6.755249e2,8.223229e1
2.001311e1,9.185941e1,6.755234e2,8.225627e1
2.002978e1,9.144650e1,6.755654e2,8.229113e1
2.004646e1,9.107875e1,6.756406e2,8.232261e1
2.006314e1,9.057431e1,6.758761e2,8.236725e1
2.007982e1,9.027579e1,6.759750e2,8.239322e1
2.009649e1,8.988223e1,6.761056e2,8.242744e1
2.011317e1,8.940235e1,6.761557e2,8.246795e1
2.012985e1,8.893085e1,6.762101e2,8.250782e1
2.014653e1,8.856073e1,6.762356e2,8.253893e1
2.016320e1,8.824151e1,6.764138e2,8.256746e1
2.017988e1,8.773848e1,6.763675e2,8.260886e1
2.019656e1,8.724284e1,6.764733e2,8.265129e1
2.021324e1,8.677814e1,6.764390e2,8.268964e1
2.022991e1,8.646644e1,6.765314e2,8.271660e1
2.024659e1,8.601680e1,6.765669e2,8.275445e1
2.026327e1,8.555821e1,6.765293e2,8.279227e1
2.027995e1,8.524059e1,6.766297e2,8.281981e1
2.029663e1,8.496105e1,6.767079e2,8.284393e1
2.031330e1,8.449048e1,6.767914e2,8.288402e1
2.032998e1,8.408797e1,6.769636e2,8.291936e1
2.034666e1,8.359978e1,6.770117e2,8.296055e1
2.036334e1,8.325969e1,6.771045e2,8.298985e1
2.038001e1,8.285278e1,6.771785e2,8.302453e1
2.039669e1,8.249944e1,6.771834e2,8.305404e1
2.041337e1,8.203069e1,6.772103e2,8.309339e1
2.043005e1,8.148978e1,6.772375e2,8.313877e1
2.044672e1,8.121664e1,6.773368e2,8.316255e1
2.046340e1,8.085371e1,6.773776e2,8.319322e1
2.048008e1,8.041675e1,6.773860e2,8.322974e1
2.049676e1,8.003208e1,6.774747e2,8.326271e1
2.051343e1,7.950440e1,6.774653e2,8.330663e1
2.053011e1,7.917264e1,6.775009e2,8.333466e1
2.054679e1,7.873292e1,6.774899e2,8.337124e1
2.056347e1,7.831440e1,6.776963e2,8.340815e1
2.058014e1,7.785812e1,6.777899e2,8.344712e1
2.059682e1,7.759260e1,6.778498e2,8.346985e1
2.061350e1,7.713490e1,6.779395e2,8.350889e1
2.063018e1,7.665719e1,6.779615e2,8.354896e1
2.064685e1,7.623625e1,6.780490e2,8.358491e1
2.066353e1,7.585020e1,6.781448e2,8.361802e1
2.068021e1,7.550838e1,6.782025e2,8.364708e1
2.069689e1,7.506619e1,6.782073e2,8.368403e1
2.071356e1,7.457538e1,6.781888e2,8.372482e1
2.073024e1,7.420224e1,6.782674e2,8.375669e1
2.074692e1,7.390785e1,6.783168e2,8.378171e1
2.076360e1,7.338158e1,6.783185e2,8.382566e1
2.078028e1,7.295860e1,6.783781e2,8.386152e1
2.079695e1,7.250775e1,6.783346e2,8.389877e1
2.081363e1,7.220282e1,6.783542e2,8.392441e1
2.083031e1,7.164709e1,6.783225e2,8.397055e1
2.084699e1,7.120539e1,6.784771e2,8.400881e1
2.086366e1,7.073928e1,6.784654e2,8.404764e1
2.088034e1,7.028742e1,6.785555e2,8.408617e1
2.089702e1,6.994101e1,6.786310e2,8.411576e1
2.091370e1,6.943520e1,6.786395e2,8.415809e1
2.093037e1,6.898317e1,6.786374e2,8.419585e1
2.094705e1,6.846025e1,6.785772e2,8.423904e1
2.096373e1,6.827434e1,6.789214e2,8.425747e1
2.098041e1,6.775774e1,6.789350e2,8.430075e1
2.099708e1,6.725388e1,6.790261e2,8.434361e1
2.101376e1,6.670776e1,6.791346e2,8.439014e1
2.103044e1,6.635539e1,6.791873e2,8.442001e1
2.104712e1,6.598653e1,6.792903e2,8.445167e1
2.106379e1,6.545406e1,6.792741e2,8.449604e1
2.108047e1,6.501926e1,6.793412e2,8.453292e1
2.109715e1,6.453475e1,6.793416e2,8.457341e1
2.111383e1,6.427704e1,6.793416e2,8.459496e1
2.113050e1,6.377197e1,6.793247e2,8.463705e1
2.114718e1,6.333480e1,6.794692e2,8.467472e1
2.116386e1,6.292269e1,6.795152e2,8.470953e1
2.118054e1,6.247117e1,6.795009e2,8.474717e1
2.119721e1,6.211466e1,6.795000e2,8.477698e1
2.121389e1,6.154938e1,6.795698e2,8.482478e1
2.123057e1,6.114066e1,6.796135e2,8.485929e1
2.124725e1,6.079705e1,6.795228e2,8.488735e1
2.126393e1,6.040067e1,6.797088e2,8.492189e1
2.128060e1,5.993630e1,6.798053e2,8.496144e1
2.129728e1,5.959489e1,6.798843e2,8.499057e1
2.131396e1,5.917903e1,6.799441e2,8.502579e1
2.133064e1,5.876343e1,6.800010e2,8.506096e1
2.134731e1,5.832790e1,6.800722e2,8.509790e1
2.136399e1,5.785432e1,6.800994e2,8.513770e1
2.138067e1,5.737390e1,6.801692e2,8.517838e1
2.139735e1,5.704742e1,6.801964e2,8.520588e1
2.141402e1,5.664665e1,6.801617e2,8.523916e1
2.143070e1,5.616034e1,6.801665e2,8.527988e1
2.144738e1,5.577109e1,6.801366e2,8.531224e1
2.146406e1,5.516266e1,6.802139e2,8.536368e1
2.148073e1,5.487166e1,6.802462e2,8.538825e1
2.149741e1,5.446731e1,6.802452e2,8.542209e1
2.151409e1,5.411063e1,6.802868e2,8.545222e1
2.153077e1,5.353182e1,6.802786e2,8.550061e1
2.154744e1,5.313027e1,6.803535e2,8.553471e1
2.156412e1,5.286653e1,6.804104e2,8.555716e1
2.158080e1,5.235828e1,6.804037e2,8.559966e1
2.159748e1,5.191393e1,6.804044e2,8.563686e1
2.161415e1,5.140849e1,6.803782e2,8.567902e1
2.163083e1,5.111859e1,6.805383e2,8.570430e1
2.164751e1,5.056613e1,6.804825e2,8.575021e1
2.166419e1,5.016711e1,6.804998e2,8.578373e1
2.168087e1,4.987902e1,6.805263e2,8.580801e1
2.169754e1,4.943491e1,6.805441e2,8.584532e1
2.171422e1,4.896891e1,6.805454e2,8.588435e1
2.173090e1,4.844205e1,6.805059e2,8.592825e1
2.174758e1,4.801406e1,6.805429e2,8.596432e1
2.176425e1,4.777441e1,6.805416e2,8.598439e1
2.178093e1,4.723393e1,6.805450e2,8.602969e1
2.179761e1,4.672718e1,6.805887e2,8.607241e1
2.181429e1,4.626286e1,6.807639e2,8.611231e1
2.183096e1,4.584267e1,6.807681e2,8.614754e1
2.184764e1,4.551459e1,6.809080e2,8.617581e1
2.186432e1,4.505507e1,6.809800e2,8.621471e1
2.188100e1,4.450770e1,6.809796e2,8.626056e1
2.189767e1,4.405371e1,6.810422e2,8.629894e1
2.191435e1,4.375435e1,6.811968e2,8.632485e1
2.193103e1,4.325478e1,6.812887e2,8.636719e1
2.194771e1,4.272997e1,6.812486e2,8.641094e1
2.196438e1,4.231773e1,6.813169e2,8.644583e1
2.198106e1,4.169789e1,6.813419e2,8.649789e1
2.199774e1,4.131231e1,6.813475e2,8.653022e1
2.201442e1,4.099449e1,6.813852e2,8.655704e1
2.203109e1,4.043090e1,6.814184e2,8.660442e1
2.204777e1,4.007312e1,6.815225e2,8.663492e1
2.206445e1,3.958207e1,6.814518e2,8.667572e1
2.208113e1,3.915032e1,6.814534e2,8.671190e1
2.209780e1,3.866660e1,6.813615e2,8.675200e1
2.211448e1,3.819440e1,6.813775e2,8.679166e1
2.213116e1,3.787476e1,6.814219e2,8.681866e1
2.214784e1,3.741676e1,6.814251e2,8.685707e1
2.216452e1,3.695449e1,6.814436e2,8.689591e1
2.218119e1,3.643242e1,6.814051e2,8.693950e1
2.219787e1,3.609696e1,6.814521e2,8.696784e1
2.221455e1,3.570914e1,6.814469e2,8.700033e1
2.223123e1,3.519488e1,6.814812e2,8.704360e1
2.224790e1,3.466993e1,6.814195e2,8.708736e1
2.226458e1,3.429657e1,6.815207e2,8.711910e1
2.228126e1,3.391212e1,6.816100e2,8.715171e1
2.229794e1,3.343078e1,6.815264e2,8.719173e1
2.231461e1,3.297133e1,6.816057e2,8.723059e1
2.233129e1,3.245365e1,6.815655e2,8.727384e1
2.234797e1,3.225292e1,6.815713e2,8.729070e1
2.236465e1,3.177824e1,6.815356e2,8.733038e1
2.238132e1,3.125471e1,6.815634e2,8.737441e1
2.239800e1,3.105900e1,6.816849e2,8.739129e1
2.241468e1,3.057462e1,6.817638e2,8.743221e1
2.243136e1,3.012355e1,6.819359e2,8.747068e1
2.244803e1,2.959013e1,6.819733e2,8.751555e1
2.246471e1,2.914472e1,6.820350e2,8.755312e1
2.248139e1,2.861776e1,6.820474e2,8.759736e1
2.249807e1,2.827735e1,6.820935e2,8.762607e1
2.251474e1,2.796734e1,6.821378e2,8.765221e1
2.253142e1,2.744742e1,6.821211e2,8.769576e1
2.254810e1,2.698193e1,6.821635e2,8.773493e1
2.256478e1,2.645369e1,6.821479e2,8.777918e1
2.258145e1,2.615069e1,6.822072e2,8.780479e1
2.259813e1,2.561776e1,6.821881e2,8.784942e1
2.261481e1,2.514343e1,6.822143e2,8.788928e1
2.263149e1,2.472533e1,6.822476e2,8.792445e1
2.264817e1,2.432560e1,6.823283e2,8.795822e1
2.266484e1,2.392466e1,6.823266e2,8.799184e1
2.268152e1,2.342418e1,6.823147e2,8.803378e1
2.269820e1,2.300419e1,6.823197e2,8.806902e1
2.271488e1,2.250650e1,6.822742e2,8.811064e1
2.273155e1,2.224301e1,6.823215e2,8.813288e1
2.274823e1,2.168360e1,6.823113e2,8.817977e1
2.276491e1,2.121776e1,6.823352e2,8.821892e1
2.278159e1,2.069056e1,6.823023e2,8.826306e1
2.279826e1,2.040442e1,6.823338e2,8.828714e1
2.281494e1,1.997919e1,6.823774e2,8.832293e1
2.283162e1,1.947631e1,6.823691e2,8.836510e1
2.284830e1,1.902880e1,6.824010e2,8.840272e1
2.286497e1,1.849894e1,6.823680e2,8.844710e1
2.288165e1,1.802746e1,6.823807e2,8.848668e1
2.289833e1,1.749619e1,6.823763e2,8.853125e1
2.291501e1,1.719543e1,6.824125e2,8.855657e1
2.293168e1,1.655772e1,6.823497e2,8.860995e1
2.294836e1,1.621081e1,6.824088e2,8.863918e1
2.296504e1,1.575502e1,6.823809e2,8.867737e1
2.298172e1,1.524790e1,6.824119e2,8.871999e1
2.299839e1,1.473982e1,6.823749e2,8.876256e1
2.301507e1,1.433311e1,6.823972e2,8.879673e1
2.303175e1,1.392974e1,6.824275e2,8.883064e1
2.304843e1,1.345514e1,6.823799e2,8.887039e1
2.306510e1,1.302663e1,6.824043e2,8.890640e1
2.308178e1,1.249339e1,6.823690e2,8.895110e1
2.309846e1,1.215767e1,6.824287e2,8.897937e1
2.311514e1,1.161459e1,6.823862e2,8.902489e1
2.313182e1,1.114620e1,6.824175e2,8.906425e1
2.314849e1,1.060542e1,6.823738e2,8.910958e1
2.316517e1,1.023772e1,6.824112e2,8.914050e1
2.318185e1,9.876612e0,6.824509e2,8.917086e1
2.319853e1,9.386881e0,6.824053e2,8.921191e1
2.321520e1,8.916157e0,6.824335e2,8.925146e1
2.323188e1,8.495839e0,6.824139e2,8.928672e1
2.324856e1,8.141788e0,6.824404e2,8.931647e1
2.326524e1,7.579586e0,6.825473e2,8.936377e1
2.328191e1,7.103742e0,6.824558e2,8.940362e1
2.329859e1,6.677910e0,6.824516e2,8.943937e1
2.331527e1,6.297947e0,6.825138e2,8.947131e1
2.333195e1,5.783356e0,6.824528e2,8.951447e1
2.334862e1,5.207341e0,6.824935e2,8.956285e1
2.336530e1,4.791986e0,6.824403e2,8.959768e1
2.338198e1,4.361408e0,6.824662e2,8.963385e1
2.339866e1,4.055813e0,6.825146e2,8.965953e1
2.341533e1,3.635639e0,6.824363e2,8.969476e1
2.343201e1,3.168597e0,6.824927e2,8.973400e1
2.344869e1,2.947580e0,6.825056e2,8.975255e1
2.346537e1,2.669720e0,6.824378e2,8.977586e1
2.348204e1,2.382720e0,6.824530e2,8.979996e1
2.349872e1,2.156055e0,6.824747e2,8.981899e1
2.351540e1,1.905559e0,6.825133e2,8.984003e1
2.353208e1,1.619910e0,6.824424e2,8.986400e1
2.354875e1,1.338080e0,6.824553e2,8.988766e1
2.356543e1,1.145006e0,6.824819e2,8.990387e1
2.358211e1,9.463574e-1,6.825124e2,8.992055e1
2.359879e1,8.725300e-1,6.825301e2,8.992675e1
2.361547e1,7.919927e-1,6.824877e2,8.993351e1
2.363214e1,5.786445e-1,6.824883e2,8.995142e1
2.364882e1,4.375105e-1,6.824944e2,8.996327e1
2.366550e1,3.186091e-1,6.824981e2,8.997325e1
2.368218e1,2.140188e-1,6.825014e2,8.998203e1
2.369885e1,2.242449e-1,6.824932e2,8.998117e1
2.371553e1,2.299434e-1,6.824851e2,8.998070e1
2.373221e1,2.349293e-1,6.824809e2,8.998028e1
2.374889e1,1.241282e-1,6.824900e2,8.998958e1
2.376556e1,1.687859e-1,6.824723e2,8.998583e1
2.378224e1,2.012722e-1,6.824701e2,8.998310e1
2.379892e1,1.939032e-1,6.824743e2,8.998372e1
2.381560e1,2.006163e-1,6.824686e2,8.998316e1
2.383227e1,2.059618e-1,6.824642e2,8.998271e1
2.384895e1,2.100452e-1,6.824609e2,8.998237e1
2.386563e1,2.155879e-1,6.824638e2,8.998190e1
2.388231e1,2.191018e-1,6.824657e2,8.998161e1
2.389898e1,2.219327e-1,6.824631e2,8.998137e1
2.391566e1,2.240692e-1,6.824609e2,8.998119e1
2.393234e1,2.250265e-1,6.824597e2,8.998111e1
2.394902e1,2.255696e-1,6.824588e2,8.998106e1
2.396569e1,2.170237e-1,6.824781e2,8.998178e1
2.398237e1,1.996526e-1,6.825611e2,8.998324e1
2.399905e1,2.128139e-1,6.825378e2,8.998214e1
2.401573e1,2.250251e-1,6.825187e2,8.998111e1
2.403240e1,2.620694e-1,6.824379e2,8.997800e1
2.404908e1,2.942229e-1,6.823721e2,8.997530e1
2.406576e1,2.911147e-1,6.824622e2,8.997556e1
2.408244e1,3.019098e-1,6.823602e2,8.997465e1
2.409912e1,3.001983e-1,6.823767e2,8.997479e1
2.411579e1,2.963485e-1,6.823826e2,8.997512e1
2.413247e1,2.762559e-1,6.824379e2,8.997681e1
2.414915e1,2.553568e-1,6.824928e2,8.997856e1
2.416583e1,2.611068e-1,6.825123e2,8.997808e1
2.418250e1,2.597142e-1,6.825212e2,8.997820e1
2.419918e1,2.602707e-1,6.825271e2,8.997815e1
2.421586e1,2.605279e-1,6.825323e2,8.997813e1
2.423254e1,2.623552e-1,6.825323e2,8.997798e1
2.424921e1,2.633974e-1,6.825419e2,8.997789e1
2.426589e1,2.641967e-1,6.824999e2,8.997782e1
2.428257e1,2.679424e-1,6.824761e2,8.997751e1
2.429925e1,2.681660e-1,6.824756e2,8.997749e1
2.431592e1,2.699989e-1,6.824225e2,8.997733e1
2.433260e1,3.972912e-1,6.823348e2,8.996664e1
2.434928e1,2.599959e-1,6.825030e2,8.997817e1
2.436596e1,2.663076e-1,6.824935e2,8.997764e1
2.438263e1,2.667148e-1,6.824940e2,8.997761e1
2.439931e1,2.676072e-1,6.824921e2,8.997753e1
2.441599e1,2.680397e-1,6.824911e2,8.997750e1
2.443267e1,2.682959e-1,6.824902e2,8.997748e1
2.444934e1,2.684953e-1,6.824896e2,8.997746e1
2.446602e1,2.687270e-1,6.824890e2,8.997744e1
2.448270e1,2.689452e-1,6.824885e2,8.997742e1
2.449938e1,2.689826e-1,6.824882e2,8.997742e1
2.451606e1,2.852883e-1,6.824671e2,8.997605e1
2.453273e1,2.837089e-1,6.824688e2,8.997618e1
2.454941e1,2.672171e-1,6.824904e2,8.997757e1
2.456609e1,2.731386e-1,6.824969e2,8.997707e1
2.458277e1,2.755010e-1,6.825033e2,8.997687e1
2.459944e1,2.776467e-1,6.825016e2,8.997669e1
2.461612e1,2.800275e-1,6.825000e2,8.997649e1
2.463280e1,2.818479e-1,6.824990e2,8.997634e1
2.464948e1,2.837023e-1,6.824972e2,8.997618e1
2.466615e1,2.844365e-1,6.824903e2,8.997612e1
2.468283e1,2.848308e-1,6.824858e2,8.997609e1
2.469951e1,2.846609e-1,6.824865e2,8.997610e1
2.471619e1,3.053198e-1,6.824035e2,8.997436e1
2.473286e1,2.988777e-1,6.824097e2,8.997491e1
2.474954e1,2.916630e-1,6.824149e2,8.997551e1
2.476622e1,3.002156e-1,6.824004e2,8.997479e1
2.478290e1,3.081046e-1,6.823870e2,8.997413e1
2.479957e1,3.076526e-1,6.823876e2,8.997417e1
2.481625e1,3.067037e-1,6.823867e2,8.997425e1
2.483293e1,3.060032e-1,6.823871e2,8.997431e1
2.484961e1,3.047139e-1,6.823878e2,8.997442e1
2.486628e1,3.103403e-1,6.823879e2,8.997394e1
2.488296e1,3.149448e-1,6.823907e2,8.997356e1
2.489964e1,3.210534e-1,6.823905e2,8.997304e1
2.491632e1,3.267971e-1,6.823919e2,8.997256e1
2.493299e1,3.011776e-1,6.823723e2,8.997471e1
2.494967e1,2.786856e-1,6.823558e2,8.997660e1
2.496635e1,2.863665e-1,6.823659e2,8.997595e1
2.498303e1,2.931421e-1,6.823736e2,8.997539e1
2.499971e1,2.925816e-1,6.823735e2,8.997543e1
2.501638e1,2.569339e-1,6.824242e2,8.997843e1
2.503306e1,2.502974e-1,6.824213e2,8.997899e1
2.504974e1,2.414359e-1,6.824225e2,8.997973e1
2.506642e1,2.266037e-1,6.823511e2,8.998097e1
2.508309e1,1.878947e-1,6.824764e2,8.998423e1
2.509977e1,1.960230e-1,6.824685e2,8.998354e1
2.511645e1,2.012465e-1,6.824655e2,8.998310e1
2.513313e1,1.872940e-1,6.825017e2,8.998428e1
2.514980e1,1.941317e-1,6.824939e2,8.998370e1
2.516648e1,1.528019e-1,6.825237e2,8.998717e1
2.518316e1,1.462755e-1,6.825120e2,8.998772e1
2.519984e1,1.432981e-1,6.826148e2,8.998797e1
2.521651e1,1.792048e-1,6.827182e2,8.998496e1
2.523319e1,1.395075e-1,6.828037e2,8.998829e1
2.524987e1,1.044879e-1,6.828564e2,8.999123e1
2.526655e1,4.636650e-2,6.830454e2,8.999611e1
2.528322e1,5.629339e-2,6.830708e2,8.999528e1
2.529990e1,2.051603e-2,6.831447e2,8.999828e1
2.531658e1,2.507040e-2,6.831792e2,8.999790e1
2.533326e1,-1.483011e-2,6.832372e2,9.000124e1
2.534993e1,-1.098920e-2,6.832567e2,9.000092e1
2.536661e1,-3.027947e-1,6.832394e2,9.002539e1
2.538329e1,-2.146724e-1,6.832752e2,9.001800e1
2.539997e1,-3.235733e-1,6.832231e2,9.002714e1
2.541664e1,-3.556111e-1,6.831861e2,9.002982e1
2.543332e1,-3.742681e-1,6.830177e2,9.003140e1
2.545000e1,-5.072453e-1,6.830855e2,9.004255e1
