,mass A,,,
t,x,y,θr,
0.000000e0,3.004248e-1,6.816415e2,8.997475e1
1.668288e-2,3.102428e-1,6.815303e2,8.997392e1
3.336576e-2,3.065739e-1,6.816211e2,8.997423e1
5.004864e-2,3.121079e-1,6.816075e2,8.997376e1
6.673152e-2,3.164622e-1,6.815948e2,8.997340e1
8.341440e-2,3.198236e-1,6.815953e2,8.997312e1
1.000973e-1,3.240393e-1,6.815964e2,8.997276e1
1.167802e-1,3.225910e-1,6.815940e2,8.997288e1
1.334630e-1,3.217983e-1,6.815919e2,8.997295e1
1.501459e-1,2.892471e-1,6.817398e2,8.997569e1
1.668288e-1,2.869478e-1,6.817300e2,8.997588e1
1.835117e-1,2.886191e-1,6.817181e2,8.997574e1
2.001946e-1,2.901793e-1,6.817135e2,8.997561e1
2.168774e-1,3.035416e-1,6.817206e2,8.997449e1
2.335603e-1,2.917542e-1,6.817048e2,8.997548e1
2.502432e-1,2.935776e-1,6.816872e2,8.997532e1
2.669261e-1,2.949741e-1,6.817021e2,8.997521e1
2.836089e-1,2.907648e-1,6.816840e2,8.997556e1
3.002918e-1,2.881188e-1,6.816705e2,8.997578e1
3.169747e-1,2.883023e-1,6.816707e2,8.997577e1
3.336576e-1,2.884032e-1,6.816853e2,8.997576e1
3.503405e-1,2.893362e-1,6.816830e2,8.997568e1
3.670233e-1,2.903300e-1,6.816820e2,8.997560e1
3.837062e-1,2.913001e-1,6.816812e2,8.997552e1
4.003891e-1,2.875837e-1,6.816692e2,8.997583e1
4.170720e-1,3.054962e-1,6.816665e2,8.997432e1
4.337549e-1,3.037630e-1,6.816671e2,8.997447e1
4.504377e-1,3.046344e-1,6.816673e2,8.997439e1
4.671206e-1,3.052487e-1,6.816671e2,8.997434e1
4.838035e-1,5.623030e-1,6.816433e2,8.995274e1
5.004864e-1,1.175198e0,6.816502e2,8.990122e1
5.171693e-1,2.344308e0,6.816259e2,8.980294e1
5.338521e-1,3.831179e0,6.816353e2,8.967797e1
5.505350e-1,5.584675e0,6.815827e2,8.953055e1
5.672179e-1,7.847150e0,6.815694e2,8.934036e1
5.839008e-1,1.046920e1,6.815059e2,8.911990e1
6.005837e-1,1.335144e1,6.814792e2,8.887761e1
6.172665e-1,1.670070e1,6.811682e2,8.859552e1
6.339494e-1,2.052007e1,6.811580e2,8.827447e1
6.506323e-1,2.440691e1,6.809637e2,8.794730e1
6.673152e-1,2.892577e1,6.807643e2,8.756696e1
6.839981e-1,3.369076e1,6.805438e2,8.716585e1
7.006809e-1,3.800668e1,6.803190e2,8.680244e1
7.173638e-1,4.224064e1,6.799643e2,8.644525e1
7.340467e-1,4.672156e1,6.796797e2,8.606764e1
7.507296e-1,5.103345e1,6.793477e2,8.570394e1
7.674125e-1,5.546479e1,6.789147e2,8.532952e1
7.840953e-1,5.993660e1,6.784888e2,8.495169e1
8.007782e-1,6.403657e1,6.782245e2,8.460624e1
8.174611e-1,6.827735e1,6.777187e2,8.424710e1
8.341440e-1,7.266795e1,6.772423e2,8.387561e1
8.508268e-1,7.661728e1,6.767334e2,8.354069e1
8.675097e-1,8.073521e1,6.763274e2,8.319265e1
8.841926e-1,8.520044e1,6.757568e2,8.281398e1
9.008755e-1,8.916542e1,6.751863e2,8.247702e1
9.175584e-1,9.316569e1,6.746356e2,8.213731e1
9.342412e-1,9.740590e1,6.740548e2,8.177726e1
9.509241e-1,1.013061e2,6.733499e2,8.144397e1
9.676070e-1,1.052713e2,6.727590e2,8.110665e1
9.842899e-1,1.092151e2,6.720508e2,8.076955e1
1.000973e0,1.122355e2,6.715385e2,8.051174e1
1.017656e0,1.152452e2,6.710676e2,8.025542e1
1.034339e0,1.177442e2,6.705650e2,8.004099e1
1.051021e0,1.199464e2,6.702726e2,7.985422e1
1.067704e0,1.217523e2,6.698826e2,7.969884e1
1.084387e0,1.232589e2,6.695001e2,7.956833e1
1.101070e0,1.245145e2,6.693195e2,7.946165e1
1.117753e0,1.254867e2,6.692184e2,7.937966e1
1.134436e0,1.260028e2,6.691044e2,7.933521e1
1.151119e0,1.264215e2,6.688754e2,7.929701e1
1.167802e0,1.263007e2,6.689565e2,7.930827e1
1.184484e0,1.263637e2,6.689117e2,7.930235e1
1.201167e0,1.263572e2,6.688864e2,7.930250e1
1.217850e0,1.263625e2,6.688586e2,7.930163e1
1.234533e0,1.263577e2,6.688400e2,7.930173e1
1.251216e0,1.263571e2,6.688239e2,7.930153e1
1.267899e0,1.263534e2,6.688115e2,7.930164e1
1.284582e0,1.263509e2,6.688016e2,7.930170e1
1.301265e0,1.263486e2,6.687939e2,7.930176e1
1.317947e0,1.263465e2,6.687884e2,7.930185e1
1.334630e0,1.263455e2,6.687845e2,7.930187e1
1.351313e0,1.263487e2,6.687978e2,7.930182e1
1.367996e0,1.263531e2,6.688130e2,7.930169e1
1.384679e0,1.263512e2,6.688156e2,7.930189e1
1.401362e0,1.263514e2,6.688178e2,7.930191e1
1.418045e0,1.263504e2,6.688140e2,7.930193e1
1.434728e0,1.263495e2,6.688109e2,7.930196e1
1.451411e0,1.263473e2,6.688353e2,7.930252e1
1.468093e0,1.263420e2,6.688322e2,7.930291e1
1.484776e0,1.263419e2,6.688264e2,7.930283e1
1.501459e0,1.263416e2,6.688216e2,7.930277e1
1.518142e0,1.263414e2,6.688173e2,7.930273e1
1.534825e0,1.261464e2,6.688300e2,7.931905e1
1.551508e0,1.255771e2,6.690698e2,7.936988e1
1.568191e0,1.248586e2,6.693962e2,7.943437e1
1.584874e0,1.235005e2,6.696176e2,7.955012e1
1.601556e0,1.220043e2,6.698653e2,7.967772e1
1.618239e0,1.202669e2,6.701456e2,7.982578e1
1.634922e0,1.180275e2,6.706644e2,8.001895e1
1.651605e0,1.153191e2,6.710055e2,8.024841e1
1.668288e0,1.125032e2,6.715058e2,8.048907e1
1.684971e0,1.092425e2,6.719827e2,8.076635e1
1.701654e0,1.057291e2,6.727666e2,8.106869e1
1.718337e0,1.017314e2,6.734515e2,8.140986e1
1.735019e0,9.753187e1,6.741486e2,8.176790e1
1.751702e0,9.351215e1,6.746639e2,8.210877e1
1.768385e0,8.930813e1,6.751856e2,8.246511e1
1.785068e0,8.518798e1,6.757262e2,8.281470e1
1.801751e0,8.119420e1,6.762511e2,8.315355e1
1.818434e0,7.696062e1,6.767432e2,8.351208e1
1.835117e0,7.269817e1,6.772744e2,8.387337e1
1.851800e0,6.850502e1,6.777338e2,8.422817e1
1.868482e0,6.427309e1,6.782673e2,8.458678e1
1.885165e0,5.985893e1,6.786078e2,8.495908e1
1.901848e0,5.565883e1,6.789376e2,8.531341e1
1.918531e0,5.140461e1,6.792282e2,8.567205e1
1.935214e0,4.693747e1,6.797119e2,8.604971e1
1.951897e0,4.272927e1,6.799852e2,8.640435e1
1.968580e0,3.822599e1,6.802904e2,8.678389e1
1.985263e0,3.371810e1,6.805635e2,8.716364e1
2.001946e0,2.948103e1,6.808636e2,8.752067e1
2.018628e0,2.502231e1,6.809106e2,8.789542e1
2.035311e0,2.053973e1,6.812844e2,8.827314e1
2.051994e0,1.628733e1,6.813521e2,8.863064e1
2.068677e0,1.185676e1,6.813935e2,8.900311e1
2.085360e0,7.384598e0,6.813183e2,8.937901e1
2.102043e0,2.883941e0,6.814982e2,8.975754e1
2.118726e0,-1.534997e0,6.814957e2,9.012905e1
2.135409e0,-6.081315e0,6.815092e2,9.051125e1
2.152091e0,-1.049709e1,6.815426e2,9.088240e1
2.168774e0,-1.480279e1,6.814342e2,9.124444e1
2.185457e0,-1.945191e1,6.813698e2,9.163525e1
2.202140e0,-2.383883e1,6.813013e2,9.200397e1
2.218823e0,-2.814479e1,6.812081e2,9.236589e1
2.235506e0,-3.278836e1,6.810360e2,9.275637e1
2.252189e0,-3.717604e1,6.807312e2,9.312593e1
2.268872e0,-4.141129e1,6.805025e2,9.348238e1
2.285554e0,-4.587929e1,6.802803e2,9.385828e1
2.302237e0,-5.021599e1,6.799887e2,9.422353e1
2.318920e0,-5.449598e1,6.796566e2,9.458426e1
2.335603e0,-5.896653e1,6.794314e2,9.496016e1
2.352286e0,-6.328484e1,6.788416e2,9.532599e1
2.368969e0,-6.752536e1,6.786130e2,9.568251e1
2.385652e0,-7.172276e1,6.781629e2,9.603718e1
2.402335e0,-7.601304e1,6.776989e2,9.639974e1
2.419018e0,-7.996357e1,6.772701e2,9.673359e1
2.435700e0,-8.416448e1,6.767986e2,9.708873e1
2.452383e0,-8.829289e1,6.762580e2,9.743852e1
2.469066e0,-9.213802e1,6.757875e2,9.776393e1
2.485749e0,-9.604301e1,6.753175e2,9.809427e1
2.502432e0,-1.000664e2,6.746951e2,9.843624e1
2.519115e0,-1.038872e2,6.740763e2,9.876137e1
2.535798e0,-1.075535e2,6.735410e2,9.907260e1
2.552481e0,-1.107161e2,6.730769e2,9.934107e1
2.569163e0,-1.134304e2,6.725605e2,9.957311e1
2.585846e0,-1.158493e2,6.723394e2,9.977650e1
2.602529e0,-1.181685e2,6.718440e2,9.997554e1
2.619212e0,-1.198691e2,6.715327e2,1.001207e2
2.635895e0,-1.213695e2,6.712683e2,1.002487e2
2.652578e0,-1.226620e2,6.710938e2,1.003581e2
2.669261e0,-1.236494e2,6.707741e2,1.004446e2
2.685944e0,-1.241161e2,6.707644e2,1.004833e2
2.702626e0,-1.245840e2,6.707388e2,1.005223e2
2.719309e0,-1.246060e2,6.707304e2,1.005242e2
2.735992e0,-1.246173e2,6.707229e2,1.005253e2
2.752675e0,-1.246375e2,6.707239e2,1.005269e2
2.769358e0,-1.246461e2,6.707190e2,1.005277e2
2.786041e0,-1.246565e2,6.707159e2,1.005286e2
2.802724e0,-1.246621e2,6.707125e2,1.005291e2
2.819407e0,-1.246792e2,6.707090e2,1.005306e2
2.836089e0,-1.246946e2,6.707041e2,1.005320e2
2.852772e0,-1.246953e2,6.707022e2,1.005320e2
2.869455e0,-1.246962e2,6.707006e2,1.005321e2
2.886138e0,-1.246957e2,6.706988e2,1.005321e2
2.902821e0,-1.246950e2,6.706978e2,1.005321e2
2.919504e0,-1.246944e2,6.706968e2,1.005320e2
2.936187e0,-1.246945e2,6.706961e2,1.005321e2
2.952870e0,-1.246942e2,6.706960e2,1.005320e2
2.969553e0,-1.246942e2,6.706958e2,1.005320e2
2.986235e0,-1.246941e2,6.706958e2,1.005320e2
3.002918e0,-1.246942e2,6.706958e2,1.005320e2
3.019601e0,-1.246931e2,6.706962e2,1.005320e2
3.036284e0,-1.246923e2,6.706967e2,1.005319e2
3.052967e0,-1.246933e2,6.706962e2,1.005320e2
3.069650e0,-1.246943e2,6.706958e2,1.005321e2
3.086333e0,-1.246893e2,6.706955e2,1.005316e2
3.103016e0,-1.244424e2,6.707618e2,1.005102e2
3.119698e0,-1.238655e2,6.708638e2,1.004610e2
3.136381e0,-1.230030e2,6.711132e2,1.003860e2
3.153064e0,-1.216730e2,6.713003e2,1.002733e2
3.169747e0,-1.202108e2,6.715000e2,1.001495e2
3.186430e0,-1.185024e2,6.718286e2,1.000034e2
3.203113e0,-1.162427e2,6.722763e2,9.980996e1
3.219796e0,-1.140026e2,6.726723e2,9.961892e1
3.236479e0,-1.110976e2,6.731253e2,9.937203e1
3.253161e0,-1.078210e2,6.736613e2,9.909320e1
3.269844e0,-1.042532e2,6.741833e2,9.879039e1
3.286527e0,-1.004112e2,6.747340e2,9.846441e1
3.303210e0,-9.637397e1,6.752794e2,9.812224e1
3.319893e0,-9.268585e1,6.758133e2,9.780923e1
3.336576e0,-8.843913e1,6.763856e2,9.744931e1
3.353259e0,-8.446685e1,6.768371e2,9.711353e1
3.369942e0,-8.032546e1,6.773940e2,9.676256e1
3.386625e0,-7.612385e1,6.779091e2,9.640702e1
3.403307e0,-7.185058e1,6.782823e2,9.604680e1
3.419990e0,-6.783506e1,6.786917e2,9.570774e1
3.436673e0,-6.352454e1,6.789487e2,9.534521e1
3.453356e0,-5.900953e1,6.794789e2,9.496341e1
3.470039e0,-5.493103e1,6.797280e2,9.462022e1
3.486722e0,-5.060808e1,6.800273e2,9.425614e1
3.503405e0,-4.609525e1,6.803694e2,9.387589e1
3.520088e0,-4.189402e1,6.806000e2,9.352237e1
3.536770e0,-3.748834e1,6.807610e2,9.315200e1
3.553453e0,-3.297391e1,6.810642e2,9.277183e1
3.570136e0,-2.857542e1,6.812245e2,9.240199e1
3.586819e0,-2.406582e1,6.814290e2,9.202266e1
3.603502e0,-1.959273e1,6.814989e2,9.164677e1
3.620185e0,-1.511890e1,6.816207e2,9.127066e1
3.636868e0,-1.066528e1,6.816855e2,9.089635e1
3.653551e0,-6.404013e0,6.816720e2,9.053825e1
3.670233e0,-1.920776e0,6.817067e2,9.016144e1
3.686916e0,2.587285e0,6.816287e2,8.978252e1
3.703599e0,7.311959e0,6.815893e2,8.938537e1
3.720282e0,1.156811e1,6.815100e2,8.902754e1
3.736965e0,1.609089e1,6.814592e2,8.864736e1
3.753648e0,2.064955e1,6.813006e2,8.826395e1
3.770331e0,2.471142e1,6.811023e2,8.792213e1
3.787014e0,2.936226e1,6.808886e2,8.753074e1
3.803696e0,3.390685e1,6.806642e2,8.714820e1
3.820379e0,3.816286e1,6.804338e2,8.678987e1
3.837062e0,4.256341e1,6.801472e2,8.641912e1
3.853745e0,4.699441e1,6.798694e2,8.604585e1
3.870428e0,5.113238e1,6.795828e2,8.569713e1
3.887111e0,5.561956e1,6.790581e2,8.531753e1
3.903794e0,6.015004e1,6.786310e2,8.493486e1
3.920477e0,6.423154e1,6.782470e2,8.459009e1
3.937160e0,6.850482e1,6.779621e2,8.423012e1
3.953842e0,7.279281e1,6.774774e2,8.386728e1
3.970525e0,7.669062e1,6.769195e2,8.353632e1
3.987208e0,8.095089e1,6.764459e2,8.317581e1
4.003891e0,8.527168e1,6.758813e2,8.280934e1
4.020574e0,8.928168e1,6.754175e2,8.246988e1
4.037257e0,9.333356e1,6.747846e2,8.212504e1
4.053940e0,9.753533e1,6.741043e2,8.176708e1
4.070623e0,1.012910e2,6.735803e2,8.144811e1
4.087305e0,1.054276e2,6.728662e2,8.109505e1
4.103988e0,1.092189e2,6.722688e2,8.077217e1
4.120671e0,1.122151e2,6.717346e2,8.051616e1
4.137354e0,1.152218e2,6.712139e2,8.025944e1
4.154037e0,1.178519e2,6.707994e2,8.003547e1
4.170720e0,1.199928e2,6.704630e2,7.985319e1
4.187403e0,1.218750e2,6.699775e2,7.969011e1
4.204086e0,1.234379e2,6.698936e2,7.955951e1
4.220768e0,1.247489e2,6.695765e2,7.944622e1
4.237451e0,1.255135e2,6.694721e2,7.938138e1
4.254134e0,1.262120e2,6.692405e2,7.932003e1
4.270817e0,1.265137e2,6.692821e2,7.929574e1
4.287500e0,1.264656e2,6.692743e2,7.929960e1
4.304183e0,1.264399e2,6.692899e2,7.930196e1
4.320866e0,1.264281e2,6.693225e2,7.930345e1
4.337549e0,1.264179e2,6.693501e2,7.930472e1
4.354232e0,1.264063e2,6.693667e2,7.930594e1
4.370914e0,1.263940e2,6.693852e2,7.930725e1
4.387597e0,1.263890e2,6.693988e2,7.930787e1
4.404280e0,1.263851e2,6.694106e2,7.930837e1
4.420963e0,1.263868e2,6.694079e2,7.930820e1
4.437646e0,1.263871e2,6.694043e2,7.930811e1
4.454329e0,1.263843e2,6.694136e2,7.930849e1
4.471012e0,1.263816e2,6.694205e2,7.930882e1
4.487695e0,1.263833e2,6.694219e2,7.930870e1
4.504377e0,1.263818e2,6.694280e2,7.930892e1
4.521060e0,1.263802e2,6.694320e2,7.930912e1
4.537743e0,1.263794e2,6.694367e2,7.930925e1
4.554426e0,1.263782e2,6.694383e2,7.930938e1
4.571109e0,1.263774e2,6.694402e2,7.930948e1
4.587792e0,1.263769e2,6.694412e2,7.930953e1
4.604475e0,1.263762e2,6.694420e2,7.930960e1
4.621158e0,1.263769e2,6.694424e2,7.930955e1
4.637840e0,1.263765e2,6.694432e2,7.930960e1
4.654523e0,1.263761e2,6.694444e2,7.930965e1
4.671206e0,1.259074e2,6.694914e2,7.934911e1
4.687889e0,1.251816e2,6.696433e2,7.941147e1
4.704572e0,1.240785e2,6.697664e2,7.950458e1
4.721255e0,1.226889e2,6.700817e2,7.962433e1
4.737938e0,1.209592e2,6.703413e2,7.977138e1
4.754621e0,1.188071e2,6.707032e2,7.995493e1
4.771304e0,1.164635e2,6.711069e2,8.015497e1
4.787986e0,1.137121e2,6.715798e2,8.038981e1
4.804669e0,1.104132e2,6.721125e2,8.067090e1
4.821352e0,1.072193e2,6.725923e2,8.094258e1
4.838035e0,1.033716e2,6.733009e2,8.127155e1
4.854718e0,9.919789e1,6.739116e2,8.162635e1
4.871401e0,9.529455e1,6.744845e2,8.195819e1
4.888084e0,9.123347e1,6.750797e2,8.230341e1
4.904767e0,8.699930e1,6.755393e2,8.266156e1
4.921449e0,8.307204e1,6.761384e2,8.299560e1
4.938132e0,7.880259e1,6.766078e2,8.335685e1
4.954815e0,7.456680e1,6.770620e2,8.371518e1
4.971498e0,7.049898e1,6.775321e2,8.405960e1
4.988181e0,6.626140e1,6.779608e2,8.441785e1
5.004864e0,6.169891e1,6.784688e2,8.480390e1
5.021547e0,5.761124e1,6.787438e2,8.514841e1
5.038230e0,5.321517e1,6.791878e2,8.551996e1
5.054912e0,4.864680e1,6.795926e2,8.590562e1
5.071595e0,4.456057e1,6.799106e2,8.625026e1
5.088278e0,4.026164e1,6.801802e2,8.661247e1
5.104961e0,3.558610e1,6.804971e2,8.700649e1
5.121644e0,3.137715e1,6.806906e2,8.736076e1
5.138327e0,2.695503e1,6.808890e2,8.773296e1
5.155010e0,2.245008e1,6.810702e2,8.811205e1
5.171693e0,1.820225e1,6.810399e2,8.846901e1
5.188375e0,1.381195e1,6.811435e2,8.883834e1
5.205058e0,9.254734e0,6.813303e2,8.922178e1
5.221741e0,4.804666e0,6.814108e2,8.959601e1
5.238424e0,3.751097e-1,6.816333e2,8.996847e1
5.255107e0,-4.229318e0,6.816213e2,9.035550e1
5.271790e0,-8.639704e0,6.816408e2,9.072618e1
5.288473e0,-1.305769e1,6.816053e2,9.109750e1
5.305156e0,-1.771703e1,6.815613e2,9.148906e1
5.321839e0,-2.203686e1,6.814326e2,9.185224e1
5.338521e0,-2.637772e1,6.812644e2,9.221731e1
5.355204e0,-3.097230e1,6.811006e2,9.260367e1
5.371887e0,-3.533238e1,6.808527e2,9.297066e1
5.388570e0,-3.970717e1,6.805974e2,9.333894e1
5.405253e0,-4.418760e1,6.803931e2,9.371581e1
5.421936e0,-4.846309e1,6.801171e2,9.407583e1
5.438619e0,-5.276936e1,6.798028e2,9.443866e1
5.455302e0,-5.730192e1,6.793604e2,9.482131e1
5.471984e0,-6.137747e1,6.790998e2,9.516440e1
5.488667e0,-6.576128e1,6.787435e2,9.553393e1
5.505350e0,-7.000018e1,6.783070e2,9.589197e1
5.522033e0,-7.407092e1,6.778077e2,9.623654e1
5.538716e0,-7.825913e1,6.774275e2,9.658982e1
5.555399e0,-8.258137e1,6.768998e2,9.695568e1
5.572082e0,-8.654782e1,6.764527e2,9.729102e1
5.588765e0,-9.057760e1,6.759138e2,9.763260e1
5.605447e0,-9.454633e1,6.754526e2,9.796819e1
5.622130e0,-9.864398e1,6.748564e2,9.831605e1
5.638813e0,-1.025134e2,6.742949e2,9.864451e1
5.655496e0,-1.063674e2,6.737872e2,9.897096e1
5.672179e0,-1.094761e2,6.733466e2,9.923463e1
5.688862e0,-1.125167e2,6.728324e2,9.949364e1
5.705545e0,-1.150988e2,6.724793e2,9.971240e1
5.722228e0,-1.174135e2,6.720071e2,9.991071e1
5.738911e0,-1.193896e2,6.715819e2,1.000804e2
5.755593e0,-1.210846e2,6.714139e2,1.002230e2
5.772276e0,-1.224011e2,6.709894e2,1.003382e2
5.788959e0,-1.234780e2,6.708741e2,1.004289e2
5.805642e0,-1.241585e2,6.707247e2,1.004874e2
5.822325e0,-1.245490e2,6.706079e2,1.005214e2
5.839008e0,-1.246444e2,6.706669e2,1.005284e2
5.855691e0,-1.246508e2,6.706636e2,1.005290e2
5.872374e0,-1.246557e2,6.706591e2,1.005294e2
5.889056e0,-1.246569e2,6.706304e2,1.005300e2
5.905739e0,-1.246615e2,6.706238e2,1.005305e2
5.922422e0,-1.246630e2,6.706098e2,1.005308e2
5.939105e0,-1.246655e2,6.705968e2,1.005312e2
5.955788e0,-1.246663e2,6.706005e2,1.005312e2
5.972471e0,-1.246933e2,6.706855e2,1.005321e2
5.989154e0,-1.246897e2,6.706801e2,1.005319e2
6.005837e0,-1.246877e2,6.706782e2,1.005318e2
6.022519e0,-1.246863e2,6.706734e2,1.005317e2
6.039202e0,-1.246858e2,6.706697e2,1.005318e2
6.055885e0,-1.246844e2,6.706689e2,1.005317e2
6.072568e0,-1.246834e2,6.706681e2,1.005316e2
6.089251e0,-1.246867e2,6.706730e2,1.005318e2
6.105934e0,-1.246950e2,6.706792e2,1.005324e2
6.122617e0,-1.247074e2,6.706916e2,1.005332e2
6.139300e0,-1.247200e2,6.707051e2,1.005340e2
6.155982e0,-1.247096e2,6.706951e2,1.005333e2
6.172665e0,-1.246981e2,6.706875e2,1.005325e2
6.189348e0,-1.246951e2,6.706773e2,1.005324e2
6.206031e0,-1.246946e2,6.706771e2,1.005324e2
6.222714e0,-1.246941e2,6.706764e2,1.005323e2
6.239397e0,-1.243729e2,6.706719e2,1.005059e2
6.256080e0,-1.236888e2,6.708438e2,1.004468e2
6.272763e0,-1.229255e2,6.710139e2,1.003811e2
6.289446e0,-1.215678e2,6.711911e2,1.002663e2
6.306128e0,-1.199679e2,6.715200e2,1.001291e2
6.322811e0,-1.183061e2,6.717732e2,9.998795e1
6.339494e0,-1.159881e2,6.722404e2,9.978941e1
6.356177e0,-1.135659e2,6.726333e2,9.958331e1
6.372860e0,-1.108082e2,6.730538e2,9.934902e1
6.389543e0,-1.075589e2,6.735616e2,9.907278e1
6.406226e0,-1.039311e2,6.741229e2,9.876442e1
6.422909e0,-1.000555e2,6.746303e2,9.843614e1
6.439591e0,-9.605211e1,6.753409e2,9.809475e1
6.456274e0,-9.193012e1,6.757836e2,9.774667e1
6.472957e0,-8.796853e1,6.763120e2,9.741091e1
6.489640e0,-8.404473e1,6.767773e2,9.707896e1
6.506323e0,-7.968366e1,6.773025e2,9.670992e1
6.523006e0,-7.570108e1,6.777513e2,9.637321e1
6.539689e0,-7.145893e1,6.782820e2,9.601409e1
6.556372e0,-6.709008e1,6.786608e2,9.564572e1
6.573054e0,-6.306504e1,6.791716e2,9.530504e1
6.589737e0,-5.886565e1,6.796971e2,9.494979e1
6.606420e0,-5.443002e1,6.799263e2,9.457693e1
6.623103e0,-5.009223e1,6.803056e2,9.421120e1
6.639786e0,-4.582800e1,6.805633e2,9.385239e1
6.656469e0,-4.139237e1,6.807540e2,9.347951e1
6.673152e0,-3.718079e1,6.810260e2,9.312498e1
6.689835e0,-3.263367e1,6.811608e2,9.274288e1
6.706518e0,-2.810032e1,6.814385e2,9.236135e1
6.723200e0,-2.359912e1,6.814412e2,9.198343e1
6.739883e0,-1.944415e1,6.814667e2,9.163437e1
6.756566e0,-1.476862e1,6.816998e2,9.124108e1
6.773249e0,-1.048595e1,6.816765e2,9.088129e1
6.789932e0,-6.272475e0,6.816451e2,9.052722e1
6.806615e0,-1.560510e0,6.816451e2,9.013117e1
6.823298e0,2.955278e0,6.816507e2,8.975160e1
6.839981e0,7.262593e0,6.816232e2,8.938955e1
6.856663e0,1.195585e1,6.815083e2,8.899495e1
6.873346e0,1.638588e1,6.813655e2,8.862238e1
6.890029e0,2.059557e1,6.811693e2,8.826815e1
6.906712e0,2.522616e1,6.810022e2,8.787858e1
6.923395e0,2.957650e1,6.808005e2,8.751242e1
6.940078e0,3.396968e1,6.806766e2,8.714298e1
6.956761e0,3.844169e1,6.803759e2,8.676619e1
6.973444e0,4.287299e1,6.800072e2,8.639240e1
6.990126e0,4.706706e1,6.796790e2,8.603865e1
7.006809e0,5.144889e1,6.794117e2,8.566951e1
7.023492e0,5.596522e1,6.789613e2,8.528789e1
7.040175e0,6.022276e1,6.785964e2,8.492851e1
7.056858e0,6.447240e1,6.782822e2,8.457021e1
7.073541e0,6.872122e1,6.777895e2,8.421055e1
7.090224e0,7.269312e1,6.773516e2,8.387448e1
7.106907e0,7.689818e1,6.768009e2,8.351785e1
7.123589e0,8.134843e1,6.763517e2,8.314167e1
7.140272e0,8.540829e1,6.758109e2,8.279720e1
7.156955e0,8.959128e1,6.752398e2,8.244210e1
7.173638e0,9.355332e1,6.746764e2,8.210548e1
7.190321e0,9.755867e1,6.741570e2,8.176577e1
7.207004e0,1.015707e2,6.736703e2,8.142597e1
7.223687e0,1.055532e2,6.731262e2,8.108800e1
7.240370e0,1.093067e2,6.724604e2,8.076747e1
7.257053e0,1.123873e2,6.718325e2,8.050323e1
7.273735e0,1.153717e2,6.713714e2,8.024925e1
7.290418e0,1.177828e2,6.709013e2,8.004268e1
7.307101e0,1.200643e2,6.704486e2,7.984707e1
7.323784e0,1.218835e2,6.701903e2,7.969261e1
7.340467e0,1.234001e2,6.699021e2,7.956276e1
7.357150e0,1.246480e2,6.696604e2,7.945585e1
7.373833e0,1.256023e2,6.694821e2,7.937420e1
7.390516e0,1.259924e2,6.693665e2,7.934015e1
7.407198e0,1.264192e2,6.693725e2,7.930496e1
7.423881e0,1.263488e2,6.691275e2,7.930696e1
7.440564e0,1.263458e2,6.690504e2,7.930600e1
7.457247e0,1.263478e2,6.689942e2,7.930496e1
7.473930e0,1.263493e2,6.689516e2,7.930417e1
7.490613e0,1.263574e2,6.689359e2,7.930326e1
7.507296e0,1.263549e2,6.689076e2,7.930302e1
7.523979e0,1.263467e2,6.688890e2,7.930341e1
7.540661e0,1.263459e2,6.688687e2,7.930316e1
7.557344e0,1.263454e2,6.690040e2,7.930531e1
7.574027e0,1.263438e2,6.691008e2,7.930695e1
7.590710e0,1.263455e2,6.690554e2,7.930610e1
7.607393e0,1.263437e2,6.690203e2,7.930570e1
7.624076e0,1.263420e2,6.689930e2,7.930542e1
7.640759e0,1.263407e2,6.689710e2,7.930518e1
7.657442e0,1.263392e2,6.689521e2,7.930501e1
7.674125e0,1.263092e2,6.687682e2,7.930462e1
7.690807e0,1.263113e2,6.687708e2,7.930448e1
7.707490e0,1.263086e2,6.688103e2,7.930533e1
7.724173e0,1.263130e2,6.687677e2,7.930430e1
7.740856e0,1.263133e2,6.687692e2,7.930430e1
7.757539e0,1.263257e2,6.687482e2,7.930294e1
7.774222e0,1.263356e2,6.687292e2,7.930183e1
7.790905e0,1.263355e2,6.687303e2,7.930186e1
7.807588e0,1.261498e2,6.690380e2,7.932202e1
7.824270e0,1.255302e2,6.690168e2,7.937293e1
7.840953e0,1.246135e2,6.690104e2,7.944870e1
7.857636e0,1.233795e2,6.692269e2,7.955418e1
7.874319e0,1.218442e2,6.696967e2,7.968844e1
7.891002e0,1.200756e2,6.699333e2,7.983848e1
7.907685e0,1.179062e2,6.705339e2,8.002710e1
7.924368e0,1.151477e2,6.710352e2,8.026304e1
7.941051e0,1.123995e2,6.715599e2,8.049843e1
7.957733e0,1.090929e2,6.721452e2,8.078097e1
7.974416e0,1.054029e2,6.727756e2,8.109593e1
7.991099e0,1.015598e2,6.734049e2,8.142355e1
8.007782e0,9.742703e1,6.739723e2,8.177450e1
8.024465e0,9.331568e1,6.746663e2,8.212516e1
8.041148e0,8.926179e1,6.752508e2,8.246970e1
8.057831e0,8.516262e1,6.757651e2,8.281722e1
8.074514e0,8.094372e1,6.763068e2,8.317502e1
8.091196e0,7.698762e1,6.768189e2,8.351054e1
8.107879e0,7.272498e1,6.773850e2,8.387212e1
8.124562e0,6.844977e1,6.776103e2,8.423175e1
8.141245e0,6.420993e1,6.780889e2,8.459065e1
8.157928e0,5.999531e1,6.783648e2,8.494585e1
8.174611e0,5.547521e1,6.791020e2,8.532993e1
8.191294e0,5.128310e1,6.795278e2,8.568414e1
8.207977e0,4.677950e1,6.797902e2,8.606342e1
8.224660e0,4.244172e1,6.800447e2,8.642879e1
8.241342e0,3.824483e1,6.803300e2,8.678250e1
8.258025e0,3.368608e1,6.806258e2,8.716658e1
8.274708e0,2.921386e1,6.808273e2,8.754298e1
8.291391e0,2.500491e1,6.809659e2,8.789706e1
8.308074e0,2.049040e1,6.811749e2,8.827701e1
8.324757e0,1.604579e1,6.813149e2,8.865086e1
8.341440e0,1.180571e1,6.813580e2,8.900735e1
8.358123e0,7.224505e0,6.814074e2,8.939255e1
8.374805e0,2.561474e0,6.816607e2,8.978470e1
8.391488e0,-1.680416e0,6.817254e2,9.014123e1
8.408171e0,-6.179417e0,6.817311e2,9.051933e1
8.424854e0,-1.064265e1,6.814947e2,9.089469e1
8.441537e0,-1.489407e1,6.815177e2,9.125196e1
8.458220e0,-1.944965e1,6.813772e2,9.163504e1
8.474903e0,-2.396036e1,6.812848e2,9.201423e1
8.491586e0,-2.840062e1,6.811327e2,9.238763e1
8.508268e0,-3.275700e1,6.809407e2,9.275412e1
8.524951e0,-3.726752e1,6.806618e2,9.313392e1
8.541634e0,-4.153887e1,6.804521e2,9.349334e1
8.558317e0,-4.593936e1,6.802478e2,9.386350e1
8.575000e0,-5.040462e1,6.799499e2,9.423958e1
8.591683e0,-5.468328e1,6.795430e2,9.460072e1
8.608366e0,-5.887501e1,6.792698e2,9.495367e1
8.625049e0,-6.332087e1,6.788244e2,9.532914e1
8.641732e0,-6.745522e1,6.785022e2,9.567757e1
8.658414e0,-7.166746e1,6.781839e2,9.603237e1
8.675097e0,-7.603392e1,6.777482e2,9.640102e1
8.691780e0,-7.994779e1,6.772621e2,9.673236e1
8.708463e0,-8.414098e1,6.768079e2,9.708667e1
8.725146e0,-8.831200e1,6.763213e2,9.743942e1
8.741829e0,-9.211708e1,6.758234e2,9.776178e1
8.758512e0,-9.609186e1,6.753864e2,9.809752e1
8.775195e0,-1.002877e2,6.745967e2,9.845584e1
8.791877e0,-1.038444e2,6.741472e2,9.875691e1
8.808560e0,-1.076420e2,6.736723e2,9.907820e1
8.825243e0,-1.107964e2,6.731925e2,9.934616e1
8.841926e0,-1.136287e2,6.726866e2,9.958777e1
8.858609e0,-1.160321e2,6.722254e2,9.979326e1
8.875292e0,-1.183898e2,6.718755e2,9.999338e1
8.891975e0,-1.201806e2,6.716180e2,1.001452e2
8.908658e0,-1.216103e2,6.713512e2,1.002674e2
8.925340e0,-1.227060e2,6.712459e2,1.003595e2
8.942023e0,-1.237790e2,6.709644e2,1.004524e2
8.958706e0,-1.244182e2,6.707786e2,1.005080e2
8.975389e0,-1.246888e2,6.707755e2,1.005304e2
8.992072e0,-1.246850e2,6.707575e2,1.005303e2
9.008755e0,-1.246847e2,6.707445e2,1.005305e2
9.025438e0,-1.246756e2,6.707286e2,1.005300e2
9.042121e0,-1.246774e2,6.707216e2,1.005303e2
9.058804e0,-1.246788e2,6.707149e2,1.005305e2
9.075486e0,-1.246806e2,6.707094e2,1.005307e2
9.092169e0,-1.246818e2,6.706999e2,1.005310e2
9.108852e0,-1.246831e2,6.706969e2,1.005311e2
9.125535e0,-1.247138e2,6.706930e2,1.005337e2
9.142218e0,-1.247425e2,6.706921e2,1.005361e2
9.158901e0,-1.246800e2,6.707060e2,1.005307e2
9.175584e0,-1.246825e2,6.707033e2,1.005310e2
9.192267e0,-1.246837e2,6.707064e2,1.005310e2
9.208949e0,-1.246864e2,6.707099e2,1.005312e2
9.225632e0,-1.246827e2,6.707049e2,1.005310e2
9.242315e0,-1.246811e2,6.707016e2,1.005309e2
9.258998e0,-1.246796e2,6.706970e2,1.005308e2
9.275681e0,-1.246808e2,6.706944e2,1.005310e2
9.292364e0,-1.246783e2,6.706940e2,1.005308e2
9.309047e0,-1.246779e2,6.706949e2,1.005307e2
9.325730e0,-1.246767e2,6.706950e2,1.005306e2
9.342412e0,-1.246754e2,6.706956e2,1.005305e2
9.359095e0,-1.244613e2,6.706817e2,1.005130e2
9.375778e0,-1.237923e2,6.708080e2,1.004558e2
9.392461e0,-1.228906e2,6.710269e2,1.003780e2
9.409144e0,-1.215604e2,6.712606e2,1.002646e2
9.425827e0,-1.200572e2,6.715332e2,1.001363e2
9.442510e0,-1.182754e2,6.717807e2,9.998530e1
9.459193e0,-1.160625e2,6.722373e2,9.979561e1
9.475875e0,-1.136273e2,6.726371e2,9.958834e1
9.492558e0,-1.107667e2,6.731599e2,9.934413e1
9.509241e0,-1.076538e2,6.736824e2,9.907905e1
9.525924e0,-1.039070e2,6.742456e2,9.876084e1
9.542607e0,-1.002600e2,6.746627e2,9.845273e1
9.559290e0,-9.647035e1,6.754170e2,9.812862e1
9.575973e0,-9.229676e1,6.758463e2,9.777648e1
9.592656e0,-8.847285e1,6.763906e2,9.745206e1
9.609339e0,-8.426009e1,6.767986e2,9.709670e1
9.626021e0,-7.996373e1,6.774567e2,9.673177e1
9.642704e0,-7.595527e1,6.778311e2,9.639368e1
9.659387e0,-7.179530e1,6.782197e2,9.604274e1
9.676070e0,-6.739944e1,6.786847e2,9.567139e1
9.692753e0,-6.337936e1,6.791923e2,9.533116e1
9.709436e0,-5.914108e1,6.795319e2,9.497404e1
9.726119e0,-5.463995e1,6.797143e2,9.459593e1
9.742802e0,-5.056031e1,6.800410e2,9.425206e1
9.759484e0,-4.597270e1,6.803962e2,9.386546e1
9.776167e0,-4.154056e1,6.806227e2,9.349261e1
9.792850e0,-3.740058e1,6.807892e2,9.314450e1
9.809533e0,-3.303423e1,6.810559e2,9.277692e1
9.826216e0,-2.846152e1,6.811395e2,9.239272e1
9.842899e0,-2.397781e1,6.813245e2,9.201557e1
9.859582e0,-1.965000e1,6.814624e2,9.165167e1
9.876265e0,-1.497935e1,6.815963e2,9.125898e1
9.892947e0,-1.073470e1,6.815939e2,9.090230e1
9.909630e0,-6.309779e0,6.815873e2,9.053040e1
9.926313e0,-1.594093e0,6.816044e2,9.013400e1
9.942996e0,2.648189e0,6.815956e2,8.977739e1
9.959679e0,7.160102e0,6.816114e2,8.939815e1
9.976362e0,1.188992e1,6.814825e2,8.900045e1
9.993045e0,1.627436e1,6.814163e2,8.863186e1
1.000973e1,2.043949e1,6.813170e2,8.828164e1
1.002641e1,2.502129e1,6.811513e2,8.789625e1
1.004309e1,2.945827e1,6.808996e2,8.752271e1
1.005978e1,3.387956e1,6.807548e2,8.715088e1
1.007646e1,3.840124e1,6.805246e2,8.677029e1
1.009314e1,4.267092e1,6.801183e2,8.640994e1
1.010982e1,4.687028e1,6.797713e2,8.605569e1
1.012651e1,5.125879e1,6.793984e2,8.568536e1
1.014319e1,5.571160e1,6.791305e2,8.531032e1
1.015987e1,6.002476e1,6.786754e2,8.494568e1
1.017656e1,6.437726e1,6.782966e2,8.457829e1
1.019324e1,6.864603e1,6.777799e2,8.421676e1
1.020992e1,7.260856e1,6.773141e2,8.388122e1
1.022661e1,7.687859e1,6.767840e2,8.351932e1
1.024329e1,8.107206e1,6.762398e2,8.316363e1
1.025997e1,8.527052e1,6.756922e2,8.280745e1
1.027665e1,8.949517e1,6.752008e2,8.244968e1
1.029334e1,9.344960e1,6.746049e2,8.211330e1
1.031002e1,9.743131e1,6.739698e2,8.177412e1
1.032670e1,1.014152e2,6.734883e2,8.143663e1
1.034339e1,1.054108e2,6.727165e2,8.109450e1
1.036007e1,1.092024e2,6.720894e2,8.077112e1
1.037675e1,1.124314e2,6.715554e2,8.049572e1
1.039343e1,1.152470e2,6.710418e2,8.025490e1
1.041012e1,1.177036e2,6.705409e2,8.004400e1
1.042680e1,1.199266e2,6.701463e2,7.985399e1
1.044348e1,1.218723e2,6.698058e2,7.968775e1
1.046017e1,1.233941e2,6.695553e2,7.955798e1
1.047685e1,1.246064e2,6.693261e2,7.945415e1
1.049353e1,1.255343e2,6.692715e2,7.937655e1
1.051021e1,1.260530e2,6.692569e2,7.933343e1
1.052690e1,1.264579e2,6.692067e2,7.929917e1
1.054358e1,1.264385e2,6.692494e2,7.930145e1
1.056026e1,1.264233e2,6.692863e2,7.930328e1
1.057695e1,1.264136e2,6.693147e2,7.930453e1
1.059363e1,1.264033e2,6.693323e2,7.930565e1
1.061031e1,1.263967e2,6.693516e2,7.930650e1
1.062699e1,1.263910e2,6.693654e2,7.930718e1
1.064368e1,1.263868e2,6.693772e2,7.930772e1
1.066036e1,1.263825e2,6.693880e2,7.930824e1
1.067704e1,1.263860e2,6.693652e2,7.930759e1
1.069373e1,1.263817e2,6.693757e2,7.930811e1
1.071041e1,1.263790e2,6.693844e2,7.930847e1
1.072709e1,1.263771e2,6.693906e2,7.930872e1
1.074377e1,1.263754e2,6.693954e2,7.930894e1
1.076046e1,1.263765e2,6.693932e2,7.930882e1
1.077714e1,1.263778e2,6.693933e2,7.930871e1
1.079382e1,1.263756e2,6.693955e2,7.930892e1
1.081051e1,1.263744e2,6.693974e2,7.930905e1
1.082719e1,1.263730e2,6.694005e2,7.930921e1
1.084387e1,1.263718e2,6.694031e2,7.930936e1
1.086055e1,1.263774e2,6.694027e2,7.930889e1
1.087724e1,1.263767e2,6.694035e2,7.930896e1
1.089392e1,1.263761e2,6.694041e2,7.930902e1
1.091060e1,1.263756e2,6.694047e2,7.930907e1
1.092729e1,1.263751e2,6.694052e2,7.930911e1
1.094397e1,1.263748e2,6.694057e2,7.930915e1
1.096065e1,1.263741e2,6.694058e2,7.930921e1
1.097733e1,1.263738e2,6.694060e2,7.930923e1
1.099402e1,1.262268e2,6.694221e2,7.932164e1
1.101070e1,1.261540e2,6.694396e2,7.932793e1
1.102738e1,1.260645e2,6.694621e2,7.933568e1
1.104407e1,1.259788e2,6.694856e2,7.934313e1
1.106075e1,1.258095e2,6.695436e2,7.935802e1
1.107743e1,1.256531e2,6.695518e2,7.937108e1
1.109411e1,1.254101e2,6.695857e2,7.939169e1
1.111080e1,1.252278e2,6.696151e2,7.940721e1
1.112748e1,1.251118e2,6.696338e2,7.941710e1
1.114416e1,1.249376e2,6.697002e2,7.943252e1
1.116085e1,1.246665e2,6.696468e2,7.945411e1
1.117753e1,1.243823e2,6.696513e2,7.947769e1
1.119421e1,1.241102e2,6.697460e2,7.950164e1
1.121089e1,1.237819e2,6.697875e2,7.952943e1
1.122758e1,1.234157e2,6.698348e2,7.956045e1
1.124426e1,1.231507e2,6.698420e2,7.958248e1
1.126094e1,1.227638e2,6.698654e2,7.961486e1
1.127763e1,1.223281e2,6.699671e2,7.965245e1
1.129431e1,1.221080e2,6.699599e2,7.967056e1
1.131099e1,1.216032e2,6.699481e2,7.971217e1
1.132768e1,1.212899e2,6.701564e2,7.974124e1
1.134436e1,1.210339e2,6.702048e2,7.976315e1
1.136104e1,1.206453e2,6.702682e2,7.979628e1
1.137772e1,1.202365e2,6.704509e2,7.983284e1
1.139441e1,1.198836e2,6.705971e2,7.986423e1
1.141109e1,1.194613e2,6.705949e2,7.989916e1
1.142777e1,1.190865e2,6.706721e2,7.993134e1
1.144446e1,1.186494e2,6.707481e2,7.996865e1
1.146114e1,1.181961e2,6.707754e2,8.000660e1
1.147782e1,1.179305e2,6.707935e2,8.002887e1
1.149450e1,1.174621e2,6.708232e2,8.006812e1
1.151119e1,1.169713e2,6.708477e2,8.010915e1
1.152787e1,1.166407e2,6.708489e2,8.013657e1
1.154455e1,1.162788e2,6.709417e2,8.016791e1
1.156124e1,1.158424e2,6.709315e2,8.020395e1
1.157792e1,1.154140e2,6.711009e2,8.024189e1
1.159460e1,1.151107e2,6.711320e2,8.026749e1
1.161128e1,1.148396e2,6.712312e2,8.029138e1
1.162797e1,1.144428e2,6.713253e2,8.032562e1
1.164465e1,1.140903e2,6.714969e2,8.035727e1
1.166133e1,1.136427e2,6.714955e2,8.039438e1
1.167802e1,1.132871e2,6.715358e2,8.042445e1
1.169470e1,1.129156e2,6.716212e2,8.045646e1
1.171138e1,1.124800e2,6.716458e2,8.049294e1
1.172806e1,1.120853e2,6.717089e2,8.052657e1
1.174475e1,1.117296e2,6.717013e2,8.055599e1
1.176143e1,1.112748e2,6.717958e2,8.059504e1
1.177811e1,1.109221e2,6.718924e2,8.062565e1
1.179480e1,1.104762e2,6.718429e2,8.066199e1
1.181148e1,1.101549e2,6.720308e2,8.069123e1
1.182816e1,1.097962e2,6.719377e2,8.071975e1
1.184484e1,1.093399e2,6.720624e2,8.075933e1
1.186153e1,1.091246e2,6.722310e2,8.077949e1
1.187821e1,1.086173e2,6.722699e2,8.082215e1
1.189489e1,1.083061e2,6.723721e2,8.084937e1
1.191158e1,1.079295e2,6.724554e2,8.088176e1
1.192826e1,1.074586e2,6.724638e2,8.092099e1
1.194494e1,1.070833e2,6.726114e2,8.095412e1
1.196162e1,1.066901e2,6.727123e2,8.098812e1
1.197831e1,1.062700e2,6.726860e2,8.102268e1
1.199499e1,1.058888e2,6.727528e2,8.105524e1
1.201167e1,1.055154e2,6.727582e2,8.108634e1
1.202836e1,1.050825e2,6.728439e2,8.112345e1
1.204504e1,1.046273e2,6.728678e2,8.116159e1
1.206172e1,1.043569e2,6.728734e2,8.118416e1
1.207840e1,1.038918e2,6.729053e2,8.122324e1
1.209509e1,1.034807e2,6.728792e2,8.125709e1
1.211177e1,1.030946e2,6.729098e2,8.128961e1
1.212845e1,1.028440e2,6.730398e2,8.131211e1
1.214514e1,1.023639e2,6.729667e2,8.135113e1
1.216182e1,1.019587e2,6.733051e2,8.138912e1
1.217850e1,1.014960e2,6.733828e2,8.142858e1
1.219518e1,1.012426e2,6.734705e2,8.145076e1
1.221187e1,1.007126e2,6.734977e2,8.149520e1
1.222855e1,1.003519e2,6.736118e2,8.152663e1
1.224523e1,9.992814e1,6.737159e2,8.156318e1
1.226192e1,9.946278e1,6.736617e2,8.160124e1
1.227860e1,9.918971e1,6.738078e2,8.162576e1
1.229528e1,9.878217e1,6.737976e2,8.165956e1
1.231196e1,9.831065e1,6.738827e2,8.169985e1
1.232865e1,9.788505e1,6.739620e2,8.173624e1
1.234533e1,9.748355e1,6.739539e2,8.176958e1
1.236201e1,9.706614e1,6.740134e2,8.180505e1
1.237870e1,9.660399e1,6.739901e2,8.184327e1
1.239538e1,9.613690e1,6.741375e2,8.188393e1
1.241206e1,9.602393e1,6.741622e2,8.189363e1
1.242875e1,9.552974e1,6.742181e2,8.193546e1
1.244543e1,9.512519e1,6.743854e2,8.197113e1
1.246211e1,9.463535e1,6.744344e2,8.201251e1
1.247879e1,9.424987e1,6.745829e2,8.204636e1
1.249548e1,9.377016e1,6.745240e2,8.208565e1
1.251216e1,9.333414e1,6.746384e2,8.212330e1
1.252884e1,9.296899e1,6.748268e2,8.215590e1
1.254553e1,9.244972e1,6.747810e2,8.219865e1
1.256221e1,9.218757e1,6.748050e2,8.222077e1
1.257889e1,9.167191e1,6.747827e2,8.226350e1
1.259557e1,9.123596e1,6.748853e2,8.230101e1
1.261226e1,9.073032e1,6.749446e2,8.234384e1
1.262894e1,9.027164e1,6.749896e2,8.238259e1
1.264562e1,9.007332e1,6.750464e2,8.239976e1
1.266231e1,8.958308e1,6.750289e2,8.244045e1
1.267899e1,8.913463e1,6.750695e2,8.247831e1
1.269567e1,8.863480e1,6.749748e2,8.251897e1
1.271235e1,8.831656e1,6.751232e2,8.254715e1
1.272904e1,8.797243e1,6.751556e2,8.257621e1
1.274572e1,8.755235e1,6.752628e2,8.261243e1
1.276240e1,8.715981e1,6.754484e2,8.264719e1
1.277909e1,8.671645e1,6.755169e2,8.268492e1
1.279577e1,8.632126e1,6.755348e2,8.271809e1
1.281245e1,8.587862e1,6.755841e2,8.275555e1
1.282913e1,8.544816e1,6.756291e2,8.279196e1
1.284582e1,8.510717e1,6.757883e2,8.282209e1
1.286250e1,8.463981e1,6.756737e2,8.285991e1
1.287918e1,8.422352e1,6.758228e2,8.289621e1
1.289587e1,8.376363e1,6.758108e2,8.293449e1
1.291255e1,8.330608e1,6.758737e2,8.297334e1
1.292923e1,8.302095e1,6.759043e2,8.299747e1
1.294591e1,8.255173e1,6.759559e2,8.303718e1
1.296260e1,8.216917e1,6.760201e2,8.306979e1
1.297928e1,8.168155e1,6.759618e2,8.310993e1
1.299596e1,8.122631e1,6.760360e2,8.314870e1
1.301265e1,8.099032e1,6.760533e2,8.316860e1
1.302933e1,8.047018e1,6.759835e2,8.321136e1
1.304601e1,8.009652e1,6.762027e2,8.324477e1
1.306269e1,7.960907e1,6.762887e2,8.328635e1
1.307938e1,7.932835e1,6.764120e2,8.331101e1
1.309606e1,7.883624e1,6.764781e2,8.335278e1
1.311274e1,7.850248e1,6.765577e2,8.338144e1
1.312943e1,7.806256e1,6.766178e2,8.341878e1
1.314611e1,7.759424e1,6.765710e2,8.345748e1
1.316279e1,7.716587e1,6.766790e2,8.349431e1
1.317947e1,7.681842e1,6.768174e2,8.352467e1
1.319616e1,7.638380e1,6.767204e2,8.356008e1
1.321284e1,7.597582e1,6.768614e2,8.359552e1
1.322952e1,7.548179e1,6.767784e2,8.363604e1
1.324621e1,7.513588e1,6.769145e2,8.366623e1
1.326289e1,7.477714e1,6.768650e2,8.369577e1
1.327957e1,7.428932e1,6.769201e2,8.373708e1
1.329625e1,7.386810e1,6.769687e2,8.377275e1
1.331294e1,7.355158e1,6.769468e2,8.379903e1
1.332962e1,7.317772e1,6.771450e2,8.383210e1
1.334630e1,7.267956e1,6.771741e2,8.387402e1
1.336299e1,7.221687e1,6.772799e2,8.391367e1
1.337967e1,7.175115e1,6.772868e2,8.395269e1
1.339635e1,7.131543e1,6.775551e2,8.399151e1
1.341304e1,7.084512e1,6.775908e2,8.403116e1
1.342972e1,7.048955e1,6.775712e2,8.406073e1
1.344640e1,7.007653e1,6.776086e2,8.409561e1
1.346308e1,6.965251e1,6.775517e2,8.413060e1
1.347977e1,6.918978e1,6.775796e2,8.416956e1
1.349645e1,6.870194e1,6.775943e2,8.421051e1
1.351313e1,6.823688e1,6.776582e2,8.424998e1
1.352982e1,6.779630e1,6.776284e2,8.428661e1
1.354650e1,6.728865e1,6.777929e2,8.433047e1
1.356318e1,6.696658e1,6.780027e2,8.435917e1
1.357986e1,6.645160e1,6.779339e2,8.440171e1
1.359655e1,6.608550e1,6.779765e2,8.443270e1
1.361323e1,6.556503e1,6.779328e2,8.447592e1
1.362991e1,6.517106e1,6.779826e2,8.450931e1
1.364660e1,6.459982e1,6.780114e2,8.455738e1
1.366328e1,6.438540e1,6.780693e2,8.457580e1
1.367996e1,6.399550e1,6.781480e2,8.460907e1
1.369664e1,6.350154e1,6.782403e2,8.465117e1
1.371333e1,6.304364e1,6.783397e2,8.469029e1
1.373001e1,6.266723e1,6.783982e2,8.472226e1
1.374669e1,6.229984e1,6.784958e2,8.475378e1
1.376338e1,6.177730e1,6.784642e2,8.479730e1
1.378006e1,6.126968e1,6.785391e2,8.484039e1
1.379674e1,6.095602e1,6.785896e2,8.486704e1
1.381342e1,6.057778e1,6.785901e2,8.489872e1
1.383011e1,6.012489e1,6.786185e2,8.493687e1
1.384679e1,5.960013e1,6.785912e2,8.498064e1
1.386347e1,5.926009e1,6.786178e2,8.500932e1
1.388016e1,5.893553e1,6.786266e2,8.503658e1
1.389684e1,5.842422e1,6.786051e2,8.507928e1
1.391352e1,5.806861e1,6.786917e2,8.510970e1
1.393020e1,5.759285e1,6.787122e2,8.514972e1
1.394689e1,5.713310e1,6.787402e2,8.518846e1
1.396357e1,5.685072e1,6.787790e2,8.521240e1
1.398025e1,5.637610e1,6.787956e2,8.525230e1
1.399694e1,5.593176e1,6.788314e2,8.528980e1
1.401362e1,5.542045e1,6.787954e2,8.533242e1
1.403030e1,5.510448e1,6.788552e2,8.535932e1
1.404698e1,5.465566e1,6.788848e2,8.539716e1
1.406367e1,5.416674e1,6.788981e2,8.543825e1
1.408035e1,5.362539e1,6.788836e2,8.548355e1
1.409703e1,5.328496e1,6.789058e2,8.551225e1
1.411372e1,5.296183e1,6.789385e2,8.553957e1
1.413040e1,5.244424e1,6.789084e2,8.558279e1
1.414708e1,5.204159e1,6.789547e2,8.561687e1
1.416376e1,5.156980e1,6.789455e2,8.565640e1
1.418045e1,5.117663e1,6.789760e2,8.568958e1
1.419713e1,5.081283e1,6.792052e2,8.572155e1
1.421381e1,5.035552e1,6.794053e2,8.576116e1
1.423050e1,5.009629e1,6.794378e2,8.578310e1
1.424718e1,4.958884e1,6.794390e2,8.582567e1
1.426386e1,4.916139e1,6.794540e2,8.586162e1
1.428054e1,4.862279e1,6.794542e2,8.590680e1
1.429723e1,4.815177e1,6.794952e2,8.594657e1
1.431391e1,4.776834e1,6.794799e2,8.597865e1
1.433059e1,4.738237e1,6.795907e2,8.601168e1
1.434728e1,4.691311e1,6.796260e2,8.605126e1
1.436396e1,4.643361e1,6.796031e2,8.609136e1
1.438064e1,4.599899e1,6.796226e2,8.612795e1
1.439732e1,4.558963e1,6.796103e2,8.616223e1
1.441401e1,4.521386e1,6.796369e2,8.619392e1
1.443069e1,4.469317e1,6.796423e2,8.623766e1
1.444737e1,4.421022e1,6.796924e2,8.627847e1
1.446406e1,4.381107e1,6.797318e2,8.631219e1
1.448074e1,4.348568e1,6.797065e2,8.633937e1
1.449742e1,4.303249e1,6.797500e2,8.637765e1
1.451411e1,4.256077e1,6.798092e2,8.641756e1
1.453079e1,4.209525e1,6.798242e2,8.645672e1
1.454747e1,4.155817e1,6.798002e2,8.650170e1
1.456415e1,4.116084e1,6.798306e2,8.653521e1
1.458084e1,4.075794e1,6.798876e2,8.656933e1
1.459752e1,4.016204e1,6.798819e2,8.661935e1
1.461420e1,3.984731e1,6.798632e2,8.664569e1
1.463089e1,3.944400e1,6.798560e2,8.667953e1
1.464757e1,3.896600e1,6.799993e2,8.672037e1
1.466425e1,3.847026e1,6.799242e2,8.676165e1
1.468093e1,3.795655e1,6.799893e2,8.680510e1
1.469762e1,3.771276e1,6.799546e2,8.682542e1
1.471430e1,3.721474e1,6.799868e2,8.686741e1
1.473098e1,3.666937e1,6.799386e2,8.691301e1
1.474767e1,3.619234e1,6.799667e2,8.695321e1
1.476435e1,3.595830e1,6.799951e2,8.697301e1
1.478103e1,3.542157e1,6.800306e2,8.701826e1
1.479771e1,3.492897e1,6.800490e2,8.705973e1
1.481440e1,3.447881e1,6.800586e2,8.709760e1
1.483108e1,3.401176e1,6.800635e2,8.713687e1
1.484776e1,3.366813e1,6.799821e2,8.716541e1
1.486445e1,3.310620e1,6.800363e2,8.721287e1
1.488113e1,3.266612e1,6.799673e2,8.724958e1
1.489781e1,3.224819e1,6.799872e2,8.728480e1
1.491449e1,3.195644e1,6.800149e2,8.730944e1
1.493118e1,3.147017e1,6.800155e2,8.735032e1
1.494786e1,3.102022e1,6.800317e2,8.738822e1
1.496454e1,3.049144e1,6.799923e2,8.743253e1
1.498123e1,3.014505e1,6.800937e2,8.746203e1
1.499791e1,2.992383e1,6.801741e2,8.748093e1
1.501459e1,2.941829e1,6.802278e2,8.752363e1
1.503127e1,2.896041e1,6.803706e2,8.756264e1
1.504796e1,2.849835e1,6.803867e2,8.760154e1
1.506464e1,2.813612e1,6.804863e2,8.763234e1
1.508132e1,2.762226e1,6.804891e2,8.767554e1
1.509801e1,2.714007e1,6.805464e2,8.771626e1
1.511469e1,2.666362e1,6.806177e2,8.775655e1
1.513137e1,2.618197e1,6.806697e2,8.779720e1
1.514805e1,2.594353e1,6.807163e2,8.781739e1
1.516474e1,2.542668e1,6.806838e2,8.786073e1
1.518142e1,2.495922e1,6.807165e2,8.790013e1
1.519810e1,2.450050e1,6.807823e2,8.793889e1
1.521479e1,2.420161e1,6.809100e2,8.796439e1
1.523147e1,2.365766e1,6.808704e2,8.800999e1
1.524815e1,2.316962e1,6.808906e2,8.805107e1
1.526483e1,2.288254e1,6.809147e2,8.807527e1
1.528152e1,2.242733e1,6.808561e2,8.811337e1
1.529820e1,2.195815e1,6.808992e2,8.815292e1
1.531488e1,2.143218e1,6.808537e2,8.819702e1
1.533157e1,2.117389e1,6.808868e2,8.821882e1
1.534825e1,2.062790e1,6.808515e2,8.826463e1
1.536493e1,2.015772e1,6.809017e2,8.830429e1
1.538161e1,1.963798e1,6.809461e2,8.834809e1
1.539830e1,1.931680e1,6.809138e2,8.837502e1
1.541498e1,1.885263e1,6.809193e2,8.841406e1
1.543166e1,1.841235e1,6.809091e2,8.845105e1
1.544835e1,1.796272e1,6.809342e2,8.848892e1
1.546503e1,1.749625e1,6.809140e2,8.852809e1
1.548171e1,1.702757e1,6.809327e2,8.856755e1
1.549839e1,1.652432e1,6.809271e2,8.860985e1
1.551508e1,1.608836e1,6.809682e2,8.864660e1
1.553176e1,1.564548e1,6.809411e2,8.868379e1
1.554844e1,1.516213e1,6.809798e2,8.872451e1
1.556513e1,1.469879e1,6.809307e2,8.876339e1
1.558181e1,1.423885e1,6.809633e2,8.880213e1
1.559849e1,1.378619e1,6.809116e2,8.884011e1
1.561518e1,1.320830e1,6.809443e2,8.888877e1
1.563186e1,1.280593e1,6.810419e2,8.892277e1
1.564854e1,1.241622e1,6.809658e2,8.895543e1
1.566522e1,1.208448e1,6.808938e2,8.898322e1
1.568191e1,1.149669e1,6.810057e2,8.903283e1
1.569859e1,1.106638e1,6.809899e2,8.906900e1
1.571527e1,1.051447e1,6.809676e2,8.911540e1
1.573196e1,1.029495e1,6.809929e2,8.913389e1
1.574864e1,9.795384e0,6.809436e2,8.917586e1
1.576532e1,9.269163e0,6.809946e2,8.922018e1
1.578200e1,8.807059e0,6.810007e2,8.925906e1
1.579869e1,8.507882e0,6.809515e2,8.928418e1
1.581537e1,7.933256e0,6.809882e2,8.933256e1
1.583205e1,7.392327e0,6.809752e2,8.937805e1
1.584874e1,7.048109e0,6.810149e2,8.940704e1
1.586542e1,6.712421e0,6.809673e2,8.943524e1
1.588210e1,6.238409e0,6.810127e2,8.947516e1
1.589878e1,5.708342e0,6.809597e2,8.951971e1
1.591547e1,5.199163e0,6.809923e2,8.956257e1
1.593215e1,4.821957e0,6.810549e2,8.959435e1
1.594883e1,4.503608e0,6.809834e2,8.962109e1
1.596552e1,4.111182e0,6.809970e2,8.965411e1
1.598220e1,3.698036e0,6.809243e2,8.968884e1
1.599888e1,3.398180e0,6.809350e2,8.971407e1
1.601556e1,3.137570e0,6.809109e2,8.973599e1
1.603225e1,2.839893e0,6.808952e2,8.976103e1
1.604893e1,2.499473e0,6.809911e2,8.978971e1
1.606561e1,2.258779e0,6.809945e2,8.980996e1
1.608230e1,2.032601e0,6.810058e2,8.982899e1
1.609898e1,1.704357e0,6.809770e2,8.985660e1
1.611566e1,1.365361e0,6.809815e2,8.988512e1
1.613234e1,1.202326e0,6.810193e2,8.989885e1
1.614903e1,1.204241e0,6.810016e2,8.989868e1
1.616571e1,8.939179e-1,6.810530e2,8.992480e1
1.618239e1,9.411771e-1,6.810385e2,8.992082e1
1.619908e1,8.256664e-1,6.810261e2,8.993054e1
1.621576e1,6.896598e-1,6.809873e2,8.994197e1
1.623244e1,5.087431e-1,6.809793e2,8.995720e1
1.624912e1,4.038717e-1,6.809835e2,8.996602e1
1.626581e1,3.800812e-1,6.809813e2,8.996802e1
1.628249e1,3.715728e-1,6.809791e2,8.996874e1
1.629917e1,3.580679e-1,6.809945e2,8.996987e1
1.631586e1,3.489042e-1,6.809680e2,8.997064e1
1.633254e1,3.277864e-1,6.809650e2,8.997242e1
1.634922e1,3.262131e-1,6.809624e2,8.997255e1
1.636590e1,3.096183e-1,6.809868e2,8.997395e1
1.638259e1,3.108741e-1,6.809825e2,8.997384e1
1.639927e1,3.086120e-1,6.809850e2,8.997403e1
1.641595e1,3.084651e-1,6.809789e2,8.997405e1
1.643264e1,2.986159e-1,6.809840e2,8.997488e1
1.644932e1,2.896843e-1,6.809897e2,8.997563e1
1.646600e1,2.908980e-1,6.809878e2,8.997552e1
1.648268e1,2.918554e-1,6.809866e2,8.997544e1
1.649937e1,2.997940e-1,6.809762e2,8.997478e1
1.651605e1,3.019889e-1,6.809728e2,8.997459e1
1.653273e1,3.019211e-1,6.809724e2,8.997460e1
1.654942e1,3.020666e-1,6.809725e2,8.997458e1
1.656610e1,3.020350e-1,6.809724e2,8.997459e1
1.658278e1,3.019852e-1,6.809723e2,8.997459e1
1.659946e1,3.019354e-1,6.809722e2,8.997460e1
1.661615e1,3.018855e-1,6.809721e2,8.997460e1
1.663283e1,2.979611e-1,6.809753e2,8.997493e1
1.664951e1,2.947012e-1,6.809779e2,8.997520e1
1.666620e1,2.843357e-1,6.809900e2,8.997608e1
1.668288e1,2.798178e-1,6.809958e2,8.997646e1
1.669956e1,2.898863e-1,6.809812e2,8.997561e1
1.671625e1,2.910277e-1,6.809792e2,8.997551e1
1.673293e1,2.803963e-1,6.809922e2,8.997641e1
1.674961e1,2.896589e-1,6.809805e2,8.997563e1
1.676629e1,2.752258e-1,6.810807e2,8.997685e1
1.678298e1,2.920322e-1,6.809745e2,8.997543e1
1.679966e1,2.703714e-1,6.810663e2,8.997725e1
1.681634e1,3.162495e-1,6.811623e2,8.997340e1
1.683303e1,3.097563e-1,6.812148e2,8.997395e1
1.684971e1,3.057157e-1,6.812962e2,8.997429e1
1.686639e1,2.903620e-1,6.814108e2,8.997559e1
1.688307e1,2.884740e-1,6.814603e2,8.997575e1
1.689976e1,2.728063e-1,6.815201e2,8.997707e1
1.691644e1,2.566792e-1,6.815716e2,8.997842e1
1.693312e1,2.597925e-1,6.815909e2,8.997816e1
1.694981e1,2.601793e-1,6.816090e2,8.997813e1
1.696649e1,2.517335e-1,6.816361e2,8.997884e1
1.698317e1,2.467677e-1,6.816714e2,8.997926e1
1.699985e1,2.410607e-1,6.816859e2,8.997974e1
1.701654e1,2.385197e-1,6.816985e2,8.997995e1
1.703322e1,2.281258e-1,6.817000e2,8.998083e1
1.704990e1,2.313856e-1,6.817010e2,8.998055e1
1.706659e1,2.325999e-1,6.817017e2,8.998045e1
1.708327e1,2.219781e-1,6.817018e2,8.998134e1
1.709995e1,2.377788e-1,6.817152e2,8.998002e1
1.711663e1,5.520110e-2,6.817372e2,8.999536e1
1.713332e1,7.906339e-2,6.817352e2,8.999336e1
1.715000e1,1.124569e-1,6.817148e2,8.999055e1
