,mass A,,,
t,x,y,θr,
0.000000e0,2.500000e-1,6.833750e2,8.997904e1
1.667616e-2,,,
3.335232e-2,,,
5.002847e-2,,,
6.670463e-2,2.670968e-1,6.833469e2,8.997761e1
8.338079e-2,,,
1.000569e-1,,,
1.167331e-1,,,
1.334093e-1,2.702586e-1,6.833330e2,8.997734e1
1.500854e-1,,,
1.667616e-1,,,
1.834377e-1,,,
2.001139e-1,2.689702e-1,6.833424e2,8.997745e1
2.167901e-1,,,
2.334662e-1,,,
2.501424e-1,,,
2.668185e-1,2.630916e-1,6.833457e2,8.997794e1
2.834947e-1,,,
3.001708e-1,,,
3.168470e-1,,,
3.335232e-1,2.447783e-1,6.833588e2,8.997948e1
3.501993e-1,,,
3.668755e-1,,,
3.835516e-1,,,
4.002278e-1,2.450247e-1,6.833612e2,8.997946e1
4.169039e-1,,,
4.335801e-1,,,
4.502563e-1,,,
4.669324e-1,2.533543e-1,6.833721e2,8.997876e1
4.836086e-1,,,
5.002847e-1,,,
5.169609e-1,,,
5.336371e-1,2.334008e-1,6.833587e2,8.998043e1
5.503132e-1,,,
5.669894e-1,,,
5.836655e-1,,,
6.003417e-1,2.464938e-1,6.833638e2,8.997933e1
6.170178e-1,,,
6.336940e-1,,,
6.503702e-1,,,
6.670463e-1,2.668518e-1,6.833920e2,8.997763e1
6.837225e-1,,,
7.003986e-1,,,
7.170748e-1,,,
7.337509e-1,2.741127e-1,6.834912e2,8.997702e1
7.504271e-1,,,
7.671033e-1,,,
7.837794e-1,,,
8.004556e-1,2.706379e-1,6.834397e2,8.997731e1
8.171317e-1,,,
8.338079e-1,,,
8.504841e-1,,,
8.671602e-1,2.657530e-1,6.833914e2,8.997772e1
8.838364e-1,,,
9.005125e-1,,,
9.171887e-1,,,
9.338648e-1,2.665433e-1,6.833776e2,8.997765e1
9.505410e-1,,,
9.672172e-1,,,
9.838933e-1,,,
1.000569e0,2.411033e-1,6.833610e2,8.997978e1
1.017246e0,,,
1.033922e0,,,
1.050598e0,,,
1.067274e0,2.604969e-1,6.833395e2,8.997816e1
1.083950e0,,,
1.100626e0,,,
1.117303e0,,,
1.133979e0,2.615008e-1,6.833583e2,8.997807e1
1.150655e0,,,
1.167331e0,,,
1.184007e0,,,
1.200683e0,2.565154e-1,6.834872e2,8.997850e1
1.217360e0,,,
1.234036e0,,,
1.250712e0,,,
1.267388e0,2.572312e-1,6.834117e2,8.997843e1
1.284064e0,,,
1.300740e0,,,
1.317416e0,,,
1.334093e0,2.565265e-1,6.833749e2,8.997849e1
1.350769e0,,,
1.367445e0,,,
1.384121e0,,,
1.400797e0,2.602995e-1,6.833575e2,8.997818e1
1.417473e0,,,
1.434150e0,,,
1.450826e0,,,
1.467502e0,2.594424e-1,6.833640e2,8.997825e1
1.484178e0,,,
1.500854e0,,,
1.517530e0,,,
1.534207e0,1.254098e0,6.833007e2,8.989484e1
1.550883e0,,,
1.567559e0,,,
1.584235e0,,,
1.600911e0,5.791384e0,6.833938e2,8.951446e1
1.617587e0,,,
1.634263e0,,,
1.650940e0,,,
1.667616e0,1.029002e1,6.833719e2,8.913732e1
1.684292e0,,,
1.700968e0,,,
1.717644e0,,,
1.734320e0,1.449259e1,6.834464e2,8.878522e1
1.750997e0,,,
1.767673e0,,,
1.784349e0,,,
1.801025e0,1.909315e1,6.833297e2,8.839950e1
1.817701e0,,,
1.834377e0,,,
1.851054e0,,,
1.867730e0,2.355894e1,6.833053e2,8.802534e1
1.884406e0,,,
1.901082e0,,,
1.917758e0,,,
1.934434e0,2.800809e1,6.832279e2,8.765254e1
1.951110e0,,,
1.967787e0,,,
1.984463e0,,,
2.001139e0,3.251869e1,6.830218e2,8.727420e1
2.017815e0,,,
2.034491e0,,,
2.051167e0,,,
2.067844e0,3.674804e1,6.827708e2,8.691920e1
2.084520e0,,,
2.101196e0,,,
2.117872e0,,,
2.134548e0,4.089959e1,6.825078e2,8.657063e1
2.151224e0,,,
2.167901e0,,,
2.184577e0,,,
2.201253e0,4.528710e1,6.823138e2,8.620269e1
2.217929e0,,,
2.234605e0,,,
2.251281e0,,,
2.267957e0,4.973254e1,6.821230e2,8.583003e1
2.284634e0,,,
2.301310e0,,,
2.317986e0,,,
2.334662e0,5.397870e1,6.819507e2,8.547428e1
2.351338e0,,,
2.368014e0,,,
2.384691e0,,,
2.401367e0,5.840508e1,6.816598e2,8.510282e1
2.418043e0,,,
2.434719e0,,,
2.451395e0,,,
2.468071e0,6.261872e1,6.813715e2,8.474921e1
2.484748e0,,,
2.501424e0,,,
2.518100e0,,,
2.534776e0,6.668269e1,6.808708e2,8.440644e1
2.551452e0,,,
2.568128e0,,,
2.584804e0,,,
2.601481e0,7.068996e1,6.803853e2,8.406842e1
2.618157e0,,,
2.634833e0,,,
2.651509e0,,,
2.668185e0,7.501611e1,6.799135e2,8.370392e1
2.684861e0,,,
2.701538e0,,,
2.718214e0,,,
2.734890e0,7.916576e1,6.796123e2,8.335575e1
2.751566e0,,,
2.768242e0,,,
2.784918e0,,,
2.801595e0,8.350188e1,6.791284e2,8.299041e1
2.818271e0,,,
2.834947e0,,,
2.851623e0,,,
2.868299e0,8.751689e1,6.786310e2,8.265164e1
2.884975e0,,,
2.901651e0,,,
2.918328e0,,,
2.935004e0,9.148843e1,6.781966e2,8.231720e1
2.951680e0,,,
2.968356e0,,,
2.985032e0,,,
3.001708e0,9.542865e1,6.775921e2,8.198348e1
3.018385e0,,,
3.035061e0,,,
3.051737e0,,,
3.068413e0,9.948115e1,6.770190e2,8.164078e1
3.085089e0,,,
3.101765e0,,,
3.118442e0,,,
3.135118e0,1.035724e2,6.764709e2,8.129522e1
3.151794e0,,,
3.168470e0,,,
3.185146e0,,,
3.201822e0,1.074866e2,6.759329e2,8.096450e1
3.218498e0,,,
3.235175e0,,,
3.251851e0,,,
3.268527e0,1.112664e2,6.753754e2,8.064470e1
3.285203e0,,,
3.301879e0,,,
3.318555e0,,,
3.335232e0,1.152014e2,6.748252e2,8.031226e1
3.351908e0,,,
3.368584e0,,,
3.385260e0,,,
3.401936e0,1.190579e2,6.741339e2,7.998435e1
3.418612e0,,,
3.435289e0,,,
3.451965e0,,,
3.468641e0,1.229214e2,6.734620e2,7.965614e1
3.485317e0,,,
3.501993e0,,,
3.518669e0,,,
3.535345e0,1.256866e2,6.730553e2,7.942239e1
3.552022e0,,,
3.568698e0,,,
3.585374e0,,,
3.602050e0,1.236035e2,6.733874e2,7.959887e1
3.618726e0,,,
3.635402e0,,,
3.652079e0,,,
3.668755e0,1.197934e2,6.741070e2,7.992334e1
3.685431e0,,,
3.702107e0,,,
3.718783e0,,,
3.735459e0,1.160258e2,6.746660e2,8.024200e1
3.752136e0,,,
3.768812e0,,,
3.785488e0,,,
3.802164e0,1.121652e2,6.752901e2,8.056931e1
3.818840e0,,,
3.835516e0,,,
3.852192e0,,,
3.868869e0,1.082799e2,6.759921e2,8.089971e1
3.885545e0,,,
3.902221e0,,,
3.918897e0,,,
3.935573e0,1.043778e2,6.765535e2,8.122963e1
3.952249e0,,,
3.968926e0,,,
3.985602e0,,,
4.002278e0,1.002986e2,6.772519e2,8.157593e1
4.018954e0,,,
4.035630e0,,,
4.052306e0,,,
4.068983e0,9.627423e1,6.776755e2,8.191436e1
4.085659e0,,,
4.102335e0,,,
4.119011e0,,,
4.135687e0,9.230554e1,6.781884e2,8.224932e1
4.152363e0,,,
4.169039e0,,,
4.185716e0,,,
4.202392e0,8.805440e1,6.786529e2,8.260724e1
4.219068e0,,,
4.235744e0,,,
4.252420e0,,,
4.269096e0,8.394740e1,6.791836e2,8.295395e1
4.285773e0,,,
4.302449e0,,,
4.319125e0,,,
4.335801e0,7.988326e1,6.796070e2,8.329603e1
4.352477e0,,,
4.369153e0,,,
4.385830e0,,,
4.402506e0,7.580174e1,6.800085e2,8.363940e1
4.419182e0,,,
4.435858e0,,,
4.452534e0,,,
4.469210e0,7.186958e1,6.804604e2,8.397083e1
4.485886e0,,,
4.502563e0,,,
4.519239e0,,,
4.535915e0,6.759411e1,6.808379e2,8.433021e1
4.552591e0,,,
4.569267e0,,,
4.585943e0,,,
4.602620e0,6.319852e1,6.811002e2,8.469877e1
4.619296e0,,,
4.635972e0,,,
4.652648e0,,,
4.669324e0,5.893437e1,6.814685e2,8.505728e1
4.686000e0,,,
4.702677e0,,,
4.719353e0,,,
4.736029e0,5.468537e1,6.817920e2,8.541422e1
4.752705e0,,,
4.769381e0,,,
4.786057e0,,,
4.802733e0,5.028293e1,6.820154e2,8.578338e1
4.819410e0,,,
4.836086e0,,,
4.852762e0,,,
4.869438e0,4.610913e1,6.823844e2,8.613437e1
4.886114e0,,,
4.902790e0,,,
4.919467e0,,,
4.936143e0,4.180233e1,6.826090e2,8.649564e1
4.952819e0,,,
4.969495e0,,,
4.986171e0,,,
5.002847e0,3.758087e1,6.827459e2,8.684941e1
5.019524e0,,,
5.036200e0,,,
5.052876e0,,,
5.069552e0,3.296179e1,6.829623e2,8.723688e1
5.086228e0,,,
5.102904e0,,,
5.119580e0,,,
5.136257e0,2.867526e1,6.831841e2,8.759654e1
5.152933e0,,,
5.169609e0,,,
5.186285e0,,,
5.202961e0,2.433363e1,6.833490e2,8.796059e1
5.219637e0,,,
5.236314e0,,,
5.252990e0,,,
5.269666e0,1.986654e1,6.833981e2,8.833487e1
5.286342e0,,,
5.303018e0,,,
5.319694e0,,,
5.336371e0,1.552568e1,6.834461e2,8.869865e1
5.353047e0,,,
5.369723e0,,,
5.386399e0,,,
5.403075e0,1.107260e1,6.834612e2,8.907185e1
5.419751e0,,,
5.436427e0,,,
5.453104e0,,,
5.469780e0,6.503118e0,6.834536e2,8.945484e1
5.486456e0,,,
5.503132e0,,,
5.519808e0,,,
5.536484e0,2.227596e0,6.834245e2,8.981325e1
5.553161e0,,,
5.569837e0,,,
5.586513e0,,,
5.603189e0,-2.197185e0,6.833750e2,9.018422e1
5.619865e0,,,
5.636541e0,,,
5.653218e0,,,
5.669894e0,-6.505282e0,6.833529e2,9.054542e1
5.686570e0,,,
5.703246e0,,,
5.719922e0,,,
5.736598e0,-1.101813e1,6.832314e2,9.092390e1
5.753274e0,,,
5.769951e0,,,
5.786627e0,,,
5.803303e0,-1.553163e1,6.831380e2,9.130244e1
5.819979e0,,,
5.836655e0,,,
5.853331e0,,,
5.870008e0,-2.006322e1,6.829010e2,9.168283e1
5.886684e0,,,
5.903360e0,,,
5.920036e0,,,
5.936712e0,-2.431775e1,6.827159e2,9.203996e1
5.953388e0,,,
5.970065e0,,,
5.986741e0,,,
6.003417e0,-2.877955e1,6.823851e2,9.241501e1
6.020093e0,,,
6.036769e0,,,
6.053445e0,,,
6.070121e0,-3.303883e1,6.821290e2,9.277295e1
6.086798e0,,,
6.103474e0,,,
6.120150e0,,,
6.136826e0,-3.749104e1,6.819253e2,9.314685e1
6.153502e0,,,
6.170178e0,,,
6.186855e0,,,
6.203531e0,-4.178348e1,6.817213e2,9.350734e1
6.220207e0,,,
6.236883e0,,,
6.253559e0,,,
6.270235e0,-4.629565e1,6.814017e2,9.388680e1
6.286912e0,,,
6.303588e0,,,
6.320264e0,,,
6.336940e0,-5.066424e1,6.810183e2,9.425467e1
6.353616e0,,,
6.370292e0,,,
6.386968e0,,,
6.403645e0,-5.474575e1,6.805920e2,9.459888e1
6.420321e0,,,
6.436997e0,,,
6.453673e0,,,
6.470349e0,-5.900833e1,6.801389e2,9.495852e1
6.487025e0,,,
6.503702e0,,,
6.520378e0,,,
6.537054e0,-6.315113e1,6.799574e2,9.530613e1
6.553730e0,,,
6.570406e0,,,
6.587082e0,,,
6.603759e0,-6.729216e1,6.794920e2,9.565573e1
6.620435e0,,,
6.637111e0,,,
6.653787e0,,,
6.670463e0,-7.166833e1,6.789425e2,9.602576e1
6.687139e0,,,
6.703815e0,,,
6.720492e0,,,
6.737168e0,-7.590612e1,6.785007e2,9.638333e1
6.753844e0,,,
6.770520e0,,,
6.787196e0,,,
6.803872e0,-7.981925e1,6.780921e2,9.671348e1
6.820549e0,,,
6.837225e0,,,
6.853901e0,,,
6.870577e0,-8.383783e1,6.774747e2,9.705452e1
6.887253e0,,,
6.903929e0,,,
6.920606e0,,,
6.937282e0,-8.778291e1,6.769421e2,9.738864e1
6.953958e0,,,
6.970634e0,,,
6.987310e0,,,
7.003986e0,-9.172015e1,6.764378e2,9.772181e1
7.020662e0,,,
7.037339e0,,,
7.054015e0,,,
7.070691e0,-9.571704e1,6.756744e2,9.806296e1
7.087367e0,,,
7.104043e0,,,
7.120719e0,,,
7.137396e0,-9.963249e1,6.751495e2,9.839461e1
7.154072e0,,,
7.170748e0,,,
7.187424e0,,,
7.204100e0,-1.033970e2,6.743842e2,9.871675e1
7.220776e0,,,
7.237453e0,,,
7.254129e0,,,
7.270805e0,-1.071670e2,6.738950e2,9.903587e1
7.287481e0,,,
7.304157e0,,,
7.320833e0,,,
7.337509e0,-1.108362e2,6.732234e2,9.934903e1
7.354186e0,,,
7.370862e0,,,
7.387538e0,,,
7.404214e0,-1.143924e2,6.725577e2,9.965281e1
7.420890e0,,,
7.437566e0,,,
7.454243e0,,,
7.470919e0,-1.180761e2,6.718832e2,9.996733e1
7.487595e0,,,
7.504271e0,,,
7.520947e0,,,
7.537623e0,-1.216963e2,6.712014e2,1.002767e2
7.554300e0,,,
7.570976e0,,,
7.587652e0,,,
7.604328e0,-1.230233e2,6.710147e2,1.003892e2
7.621004e0,,,
7.637680e0,,,
7.654356e0,,,
7.671033e0,-1.201960e2,6.714736e2,1.001486e2
7.687709e0,,,
7.704385e0,,,
7.721061e0,,,
7.737737e0,-1.164155e2,6.719757e2,9.982857e1
7.754413e0,,,
7.771090e0,,,
7.787766e0,,,
7.804442e0,-1.129013e2,6.725316e2,9.952968e1
7.821118e0,,,
7.837794e0,,,
7.854470e0,,,
7.871147e0,-1.092171e2,6.730808e2,9.921674e1
7.887823e0,,,
7.904499e0,,,
7.921175e0,,,
7.937851e0,-1.053145e2,6.736472e2,9.888541e1
7.954527e0,,,
7.971203e0,,,
7.987880e0,,,
8.004556e0,-1.016653e2,6.743165e2,9.857379e1
8.021232e0,,,
8.037908e0,,,
8.054584e0,,,
8.071260e0,-9.787478e1,6.751206e2,9.824892e1
8.087937e0,,,
8.104613e0,,,
8.121289e0,,,
8.137965e0,-9.399476e1,6.758847e2,9.791730e1
8.154641e0,,,
8.171317e0,,,
8.187994e0,,,
8.204670e0,-9.008085e1,6.766668e2,9.758288e1
8.221346e0,,,
8.238022e0,,,
8.254698e0,,,
8.271374e0,-8.598381e1,6.772153e2,9.723594e1
8.288050e0,,,
8.304727e0,,,
8.321403e0,,,
8.338079e0,-8.180415e1,6.778261e2,9.688152e1
8.354755e0,,,
8.371431e0,,,
8.388107e0,,,
8.404784e0,-7.779739e1,6.782356e2,9.654355e1
8.421460e0,,,
8.438136e0,,,
8.454812e0,,,
8.471488e0,-7.372243e1,6.788562e2,9.619792e1
8.488164e0,,,
8.504841e0,,,
8.521517e0,,,
8.538193e0,-6.961815e1,6.791782e2,9.585258e1
8.554869e0,,,
8.571545e0,,,
8.588221e0,,,
8.604897e0,-6.564936e1,6.796490e2,9.551726e1
8.621574e0,,,
8.638250e0,,,
8.654926e0,,,
8.671602e0,-6.146629e1,6.801075e2,9.516421e1
8.688278e0,,,
8.704954e0,,,
8.721631e0,,,
8.738307e0,-5.694825e1,6.805307e2,9.478349e1
8.754983e0,,,
8.771659e0,,,
8.788335e0,,,
8.805011e0,-5.282265e1,6.808112e2,9.443657e1
8.821688e0,,,
8.838364e0,,,
8.855040e0,,,
8.871716e0,-4.857912e1,6.810893e2,9.407975e1
8.888392e0,,,
8.905068e0,,,
8.921744e0,,,
8.938421e0,-4.423621e1,6.815117e2,9.371380e1
8.955097e0,,,
8.971773e0,,,
8.988449e0,,,
9.005125e0,-3.999716e1,6.816792e2,9.335795e1
9.021801e0,,,
9.038478e0,,,
9.055154e0,,,
9.071830e0,-3.562313e1,6.820228e2,9.298993e1
9.088506e0,,,
9.105182e0,,,
9.121858e0,,,
9.138535e0,-3.114570e1,6.822617e2,9.261378e1
9.155211e0,,,
9.171887e0,,,
9.188563e0,,,
9.205239e0,-2.677685e1,6.825657e2,9.224654e1
9.221915e0,,,
9.238591e0,,,
9.255268e0,,,
9.271944e0,-2.231631e1,6.827006e2,9.187223e1
9.288620e0,,,
9.305296e0,,,
9.321972e0,,,
9.338648e0,-1.806101e1,6.828848e2,9.151501e1
9.355325e0,,,
9.372001e0,,,
9.388677e0,,,
9.405353e0,-1.374261e1,6.832279e2,9.115231e1
9.422029e0,,,
9.438705e0,,,
9.455382e0,,,
9.472058e0,-9.248993e0,6.833357e2,9.077545e1
9.488734e0,,,
9.505410e0,,,
9.522086e0,,,
9.538762e0,-4.689404e0,6.834550e2,9.039312e1
9.555438e0,,,
9.572115e0,,,
9.588791e0,,,
9.605467e0,-2.517486e-1,6.835510e2,9.002110e1
9.622143e0,,,
9.638819e0,,,
9.655495e0,,,
9.672172e0,4.142459e0,6.833964e2,8.965270e1
9.688848e0,,,
9.705524e0,,,
9.722200e0,,,
9.738876e0,8.493470e0,6.835747e2,8.928813e1
9.755552e0,,,
9.772229e0,,,
9.788905e0,,,
9.805581e0,1.278722e1,6.834808e2,8.892818e1
9.822257e0,,,
9.838933e0,,,
9.855609e0,,,
9.872285e0,1.729649e1,6.834198e2,8.855023e1
9.888962e0,,,
9.905638e0,,,
9.922314e0,,,
9.938990e0,2.169797e1,6.833669e2,8.818138e1
9.955666e0,,,
9.972342e0,,,
9.989019e0,,,
1.000569e1,2.610407e1,6.833321e2,8.781230e1
1.002237e1,,,
1.003905e1,,,
1.005572e1,,,
1.007240e1,3.056257e1,6.831608e2,8.743847e1
1.008908e1,,,
1.010575e1,,,
1.012243e1,,,
1.013910e1,3.497738e1,6.831288e2,8.706892e1
1.015578e1,,,
1.017246e1,,,
1.018913e1,,,
1.020581e1,3.929716e1,6.829654e2,8.670689e1
1.022248e1,,,
1.023916e1,,,
1.025584e1,,,
1.027251e1,4.344525e1,6.825183e2,8.635779e1
1.028919e1,,,
1.030587e1,,,
1.032254e1,,,
1.033922e1,4.793898e1,6.823609e2,8.598131e1
1.035589e1,,,
1.037257e1,,,
1.038925e1,,,
1.040592e1,5.228141e1,6.820414e2,8.561660e1
1.042260e1,,,
1.043927e1,,,
1.045595e1,,,
1.047263e1,5.650704e1,6.817756e2,8.526203e1
1.048930e1,,,
1.050598e1,,,
1.052266e1,,,
1.053933e1,6.089379e1,6.814342e2,8.489354e1
1.055601e1,,,
1.057268e1,,,
1.058936e1,,,
1.060604e1,6.518457e1,6.811339e2,8.453344e1
1.062271e1,,,
1.063939e1,,,
1.065606e1,,,
1.067274e1,6.920595e1,6.807822e2,8.419545e1
1.068942e1,,,
1.070609e1,,,
1.072277e1,,,
1.073945e1,7.345711e1,6.802099e2,8.383641e1
1.075612e1,,,
1.077280e1,,,
1.078947e1,,,
1.080615e1,7.752143e1,6.797484e2,8.349385e1
1.082283e1,,,
1.083950e1,,,
1.085618e1,,,
1.087285e1,8.172541e1,6.792607e2,8.313942e1
1.088953e1,,,
1.090621e1,,,
1.092288e1,,,
1.093956e1,8.585282e1,6.788327e2,8.279200e1
1.095624e1,,,
1.097291e1,,,
1.098959e1,,,
1.100626e1,8.996941e1,6.782549e2,8.244392e1
1.102294e1,,,
1.103962e1,,,
1.105629e1,,,
1.107297e1,9.404902e1,6.777741e2,8.209999e1
1.108965e1,,,
1.110632e1,,,
1.112300e1,,,
1.113967e1,9.807422e1,6.772947e2,8.176068e1
1.115635e1,,,
1.117303e1,,,
1.118970e1,,,
1.120638e1,1.022217e2,6.766487e2,8.140925e1
1.122305e1,,,
1.123973e1,,,
1.125641e1,,,
1.127308e1,1.062727e2,6.759880e2,8.106561e1
1.128976e1,,,
1.130644e1,,,
1.132311e1,,,
1.133979e1,1.101235e2,6.754743e2,8.074046e1
1.135646e1,,,
1.137314e1,,,
1.138982e1,,,
1.140649e1,1.141112e2,6.749089e2,8.040339e1
1.142317e1,,,
1.143984e1,,,
1.145652e1,,,
1.147320e1,1.179984e2,6.742436e2,8.007328e1
1.148987e1,,,
1.150655e1,,,
1.152323e1,,,
1.153990e1,1.217384e2,6.736983e2,7.975709e1
1.155658e1,,,
1.157325e1,,,
1.158993e1,,,
1.160661e1,1.256405e2,6.730808e2,7.942658e1
1.162328e1,,,
1.163996e1,,,
1.165663e1,,,
1.167331e1,1.256108e2,6.731546e2,7.943016e1
1.168999e1,,,
1.170666e1,,,
1.172334e1,,,
1.174002e1,1.219798e2,6.737634e2,7.973818e1
1.175669e1,,,
1.177337e1,,,
1.179004e1,,,
1.180672e1,1.180941e2,6.743912e2,8.006752e1
1.182340e1,,,
1.184007e1,,,
1.185675e1,,,
1.187342e1,1.142302e2,6.749169e2,8.039368e1
1.189010e1,,,
1.190678e1,,,
1.192345e1,,,
1.194013e1,1.101879e2,6.755228e2,8.073578e1
1.195681e1,,,
1.197348e1,,,
1.199016e1,,,
1.200683e1,1.062913e2,6.761379e2,8.106601e1
1.202351e1,,,
1.204019e1,,,
1.205686e1,,,
1.207354e1,1.022481e2,6.767019e2,8.140774e1
1.209021e1,,,
1.210689e1,,,
1.212357e1,,,
1.214024e1,9.835151e1,6.773357e2,8.173819e1
1.215692e1,,,
1.217360e1,,,
1.219027e1,,,
1.220695e1,9.430577e1,6.778325e2,8.207937e1
1.222362e1,,,
1.224030e1,,,
1.225698e1,,,
1.227365e1,9.015997e1,6.783132e2,8.242874e1
1.229033e1,,,
1.230700e1,,,
1.232368e1,,,
1.234036e1,8.608795e1,6.788238e2,8.277237e1
1.235703e1,,,
1.237371e1,,,
1.239039e1,,,
1.240706e1,8.197751e1,6.792346e2,8.311820e1
1.242374e1,,,
1.244041e1,,,
1.245709e1,,,
1.247377e1,7.792375e1,6.796685e2,8.345962e1
1.249044e1,,,
1.250712e1,,,
1.252379e1,,,
1.254047e1,7.384971e1,6.801911e2,8.380355e1
1.255715e1,,,
1.257382e1,,,
1.259050e1,,,
1.260718e1,6.984500e1,6.805244e2,8.414002e1
1.262385e1,,,
1.264053e1,,,
1.265720e1,,,
1.267388e1,6.546703e1,6.808509e2,8.450763e1
1.269056e1,,,
1.270723e1,,,
1.272391e1,,,
1.274058e1,6.115544e1,6.811600e2,8.486967e1
1.275726e1,,,
1.277394e1,,,
1.279061e1,,,
1.280729e1,5.693278e1,6.814459e2,8.522420e1
1.282397e1,,,
1.284064e1,,,
1.285732e1,,,
1.287399e1,5.267835e1,6.817991e2,8.558189e1
1.289067e1,,,
1.290735e1,,,
1.292402e1,,,
1.294070e1,4.827694e1,6.819518e2,8.595066e1
1.295737e1,,,
1.297405e1,,,
1.299073e1,,,
1.300740e1,4.396338e1,6.822564e2,8.631306e1
1.302408e1,,,
1.304076e1,,,
1.305743e1,,,
1.307411e1,3.951866e1,6.824831e2,8.668603e1
1.309078e1,,,
1.310746e1,,,
1.312414e1,,,
1.314081e1,3.509131e1,6.826218e2,8.705721e1
1.315749e1,,,
1.317416e1,,,
1.319084e1,,,
1.320752e1,3.078397e1,6.827386e2,8.741834e1
1.322419e1,,,
1.324087e1,,,
1.325755e1,,,
1.327422e1,2.643789e1,6.828947e2,8.778293e1
1.329090e1,,,
1.330757e1,,,
1.332425e1,,,
1.334093e1,2.218704e1,6.832066e2,8.813998e1
1.335760e1,,,
1.337428e1,,,
1.339095e1,,,
1.340763e1,1.791476e1,6.832624e2,8.849808e1
1.342431e1,,,
1.344098e1,,,
1.345766e1,,,
1.347434e1,1.337919e1,6.833176e2,8.887831e1
1.349101e1,,,
1.350769e1,,,
1.352436e1,,,
1.354104e1,8.880520e0,6.833341e2,8.925543e1
1.355772e1,,,
1.357439e1,,,
1.359107e1,,,
1.360774e1,4.434433e0,6.833524e2,8.962820e1
1.362442e1,,,
1.364110e1,,,
1.365777e1,,,
1.367445e1,3.038731e-3,6.833522e2,8.999975e1
1.369113e1,,,
1.370780e1,,,
1.372448e1,,,
1.374115e1,-4.380152e0,6.832937e2,9.036728e1
1.375783e1,,,
1.377451e1,,,
1.379118e1,,,
1.380786e1,-8.855964e0,6.832216e2,9.074263e1
1.382453e1,,,
1.384121e1,,,
1.385789e1,,,
1.387456e1,-1.339241e1,6.832205e2,9.112296e1
1.389124e1,,,
1.390792e1,,,
1.392459e1,,,
1.394127e1,-1.788087e1,6.831575e2,9.149931e1
1.395794e1,,,
1.397462e1,,,
1.399130e1,,,
1.400797e1,-2.236120e1,6.829535e2,9.187530e1
1.402465e1,,,
1.404132e1,,,
1.405800e1,,,
1.407468e1,-2.669151e1,6.827556e2,9.223877e1
1.409135e1,,,
1.410803e1,,,
1.412471e1,,,
1.414138e1,-3.116340e1,6.823799e2,9.261481e1
1.415806e1,,,
1.417473e1,,,
1.419141e1,,,
1.420809e1,-3.531070e1,6.821626e2,9.296315e1
1.422476e1,,,
1.424144e1,,,
1.425812e1,,,
1.427479e1,-3.985096e1,6.819385e2,9.334443e1
1.429147e1,,,
1.430814e1,,,
1.432482e1,,,
1.434150e1,-4.420423e1,6.815568e2,9.371088e1
1.435817e1,,,
1.437485e1,,,
1.439152e1,,,
1.440820e1,-4.861131e1,6.812857e2,9.408127e1
1.442488e1,,,
1.444155e1,,,
1.445823e1,,,
1.447491e1,-5.293297e1,6.809165e2,9.444511e1
1.449158e1,,,
1.450826e1,,,
1.452493e1,,,
1.454161e1,-5.694224e1,6.805256e2,9.478302e1
1.455829e1,,,
1.457496e1,,,
1.459164e1,,,
1.460831e1,-6.123235e1,6.801099e2,9.514464e1
1.462499e1,,,
1.464167e1,,,
1.465834e1,,,
1.467502e1,-6.528615e1,6.796457e2,9.548695e1
1.469170e1,,,
1.470837e1,,,
1.472505e1,,,
1.474172e1,-6.963687e1,6.791444e2,9.585443e1
1.475840e1,,,
1.477508e1,,,
1.479175e1,,,
1.480843e1,-7.390756e1,6.785994e2,9.621569e1
1.482510e1,,,
1.484178e1,,,
1.485846e1,,,
1.487513e1,-7.786426e1,6.781419e2,9.655002e1
1.489181e1,,,
1.490849e1,,,
1.492516e1,,,
1.494184e1,-8.184660e1,6.776167e2,9.688716e1
1.495851e1,,,
1.497519e1,,,
1.499187e1,,,
1.500854e1,-8.582116e1,6.771380e2,9.722321e1
1.502522e1,,,
1.504189e1,,,
1.505857e1,,,
1.507525e1,-8.977834e1,6.764844e2,9.755973e1
1.509192e1,,,
1.510860e1,,,
1.512528e1,,,
1.514195e1,-9.376885e1,6.758649e2,9.789874e1
1.515863e1,,,
1.517530e1,,,
1.519198e1,,,
1.520866e1,-9.776360e1,6.750379e2,9.824067e1
1.522533e1,,,
1.524201e1,,,
1.525868e1,,,
1.527536e1,-1.015917e2,6.746334e2,9.856372e1
1.529204e1,,,
1.530871e1,,,
1.532539e1,,,
1.534207e1,-1.053777e2,6.739692e2,9.888647e1
1.535874e1,,,
1.537542e1,,,
1.539209e1,,,
1.540877e1,-1.090516e2,6.734303e2,9.919832e1
1.542545e1,,,
1.544212e1,,,
1.545880e1,,,
1.547547e1,-1.126075e2,6.729267e2,9.949985e1
1.549215e1,,,
1.550883e1,,,
1.552550e1,,,
1.554218e1,-1.163311e2,6.722907e2,9.981707e1
1.555886e1,,,
1.557553e1,,,
1.559221e1,,,
1.560888e1,-1.201367e2,6.715143e2,1.001431e2
1.562556e1,,,
1.564224e1,,,
1.565891e1,,,
1.567559e1,-1.230679e2,6.709232e2,1.003943e2
1.569226e1,,,
1.570894e1,,,
1.572562e1,,,
1.574229e1,-1.218517e2,6.712377e2,1.002890e2
1.575897e1,,,
1.577565e1,,,
1.579232e1,,,
1.580900e1,-1.182802e2,6.719045e2,9.998390e1
1.582567e1,,,
1.584235e1,,,
1.585903e1,,,
1.587570e1,-1.147790e2,6.726192e2,9.968395e1
1.589238e1,,,
1.590905e1,,,
1.592573e1,,,
1.594241e1,-1.113070e2,6.732331e2,9.938791e1
1.595908e1,,,
1.597576e1,,,
1.599244e1,,,
1.600911e1,-1.075124e2,6.739611e2,9.906363e1
1.602579e1,,,
1.604246e1,,,
1.605914e1,,,
1.607582e1,-1.036602e2,6.747105e2,9.873443e1
1.609249e1,,,
1.610917e1,,,
1.612584e1,,,
1.614252e1,-9.988137e1,6.752312e2,9.841427e1
1.615920e1,,,
1.617587e1,,,
1.619255e1,,,
1.620923e1,-9.598458e1,6.758708e2,9.808288e1
1.622590e1,,,
1.624258e1,,,
1.625925e1,,,
1.627593e1,-9.199066e1,6.763005e2,9.774586e1
1.629261e1,,,
1.630928e1,,,
1.632596e1,,,
1.634263e1,-8.802594e1,6.768564e2,9.740979e1
1.635931e1,,,
1.637599e1,,,
1.639266e1,,,
1.640934e1,-8.401645e1,6.772522e2,9.707169e1
1.642602e1,,,
1.644269e1,,,
1.645937e1,,,
1.647604e1,-7.976010e1,6.777391e2,9.671201e1
1.649272e1,,,
1.650940e1,,,
1.652607e1,,,
1.654275e1,-7.577934e1,6.782951e2,9.637467e1
1.655942e1,,,
1.657610e1,,,
1.659278e1,,,
1.660945e1,-7.155190e1,6.788159e2,9.601715e1
1.662613e1,,,
1.664281e1,,,
1.665948e1,,,
1.667616e1,-6.760244e1,6.792038e2,9.568404e1
1.669283e1,,,
1.670951e1,,,
1.672619e1,,,
1.674286e1,-6.348395e1,6.797570e2,9.533550e1
1.675954e1,,,
1.677621e1,,,
1.679289e1,,,
1.680957e1,-5.918088e1,6.800720e2,9.497344e1
1.682624e1,,,
1.684292e1,,,
1.685960e1,,,
1.687627e1,-5.491014e1,6.805270e2,9.461307e1
1.689295e1,,,
1.690962e1,,,
1.692630e1,,,
1.694298e1,-5.059409e1,6.808237e2,9.425001e1
1.695965e1,,,
1.697633e1,,,
1.699300e1,,,
1.700968e1,-4.637189e1,6.812016e2,9.389433e1
1.702636e1,,,
1.704303e1,,,
1.705971e1,,,
1.707639e1,-4.220472e1,6.814628e2,9.354395e1
1.709306e1,,,
1.710974e1,,,
1.712641e1,,,
1.714309e1,-3.777314e1,6.818655e2,9.317076e1
1.715977e1,,,
1.717644e1,,,
1.719312e1,,,
1.720979e1,-3.334335e1,6.821584e2,9.279834e1
1.722647e1,,,
1.724315e1,,,
1.725982e1,,,
1.727650e1,-2.892191e1,6.824111e2,9.242685e1
1.729318e1,,,
1.730985e1,,,
1.732653e1,,,
1.734320e1,-2.464002e1,6.825015e2,9.206762e1
1.735988e1,,,
1.737656e1,,,
1.739323e1,,,
1.740991e1,-2.026591e1,6.827267e2,9.170026e1
1.742659e1,,,
1.744326e1,,,
1.745994e1,,,
1.747661e1,-1.595695e1,6.828511e2,9.133865e1
1.749329e1,,,
1.750997e1,,,
1.752664e1,,,
1.754332e1,-1.158361e1,6.828357e2,9.097187e1
1.755999e1,,,
1.757667e1,,,
1.759335e1,,,
1.761002e1,-7.097299e0,6.828703e2,9.059547e1
1.762670e1,,,
1.764338e1,,,
1.766005e1,,,
1.767673e1,-2.587151e0,6.828116e2,9.021709e1
1.769340e1,,,
1.771008e1,,,
1.772676e1,,,
1.774343e1,1.902238e0,6.827604e2,8.984037e1
1.776011e1,,,
1.777678e1,,,
1.779346e1,,,
1.781014e1,6.450180e0,6.827472e2,8.945872e1
1.782681e1,,,
1.784349e1,,,
1.786017e1,,,
1.787684e1,1.078148e1,6.826517e2,8.909517e1
1.789352e1,,,
1.791019e1,,,
1.792687e1,,,
1.794355e1,1.519341e1,6.825739e2,8.872486e1
1.796022e1,,,
1.797690e1,,,
1.799357e1,,,
1.801025e1,1.945395e1,6.825477e2,8.836740e1
1.802693e1,,,
1.804360e1,,,
1.806028e1,,,
1.807696e1,2.392236e1,6.824860e2,8.799250e1
1.809363e1,,,
1.811031e1,,,
1.812698e1,,,
1.814366e1,2.853198e1,6.824328e2,8.760590e1
1.816034e1,,,
1.817701e1,,,
1.819369e1,,,
1.821036e1,3.274145e1,6.823174e2,8.725273e1
1.822704e1,,,
1.824372e1,,,
1.826039e1,,,
1.827707e1,3.718042e1,6.822264e2,8.688054e1
1.829375e1,,,
1.831042e1,,,
1.832710e1,,,
1.834377e1,4.138174e1,6.819400e2,8.652741e1
1.836045e1,,,
1.837713e1,,,
1.839380e1,,,
1.841048e1,4.577242e1,6.818505e2,8.615951e1
1.842715e1,,,
1.844383e1,,,
1.846051e1,,,
1.847718e1,5.026795e1,6.815504e2,8.578177e1
1.849386e1,,,
1.851054e1,,,
1.852721e1,,,
1.854389e1,5.451989e1,6.812815e2,8.542463e1
1.856056e1,,,
1.857724e1,,,
1.859392e1,,,
1.861059e1,5.875416e1,6.809967e2,8.506892e1
1.862727e1,,,
1.864394e1,,,
1.866062e1,,,
1.867730e1,6.313729e1,6.807709e2,8.470133e1
1.869397e1,,,
1.871065e1,,,
1.872733e1,,,
1.874400e1,6.735560e1,6.804215e2,8.434665e1
1.876068e1,,,
1.877735e1,,,
1.879403e1,,,
1.881071e1,7.146818e1,6.800928e2,8.400104e1
1.882738e1,,,
1.884406e1,,,
1.886073e1,,,
1.887741e1,7.558374e1,6.796710e2,8.365442e1
1.889409e1,,,
1.891076e1,,,
1.892744e1,,,
1.894412e1,7.987566e1,6.790444e2,8.329116e1
1.896079e1,,,
1.897747e1,,,
1.899414e1,,,
1.901082e1,8.410601e1,6.787435e2,8.293624e1
1.902750e1,,,
1.904417e1,,,
1.906085e1,,,
1.907752e1,8.821566e1,6.782337e2,8.258933e1
1.909420e1,,,
1.911088e1,,,
1.912755e1,,,
1.914423e1,9.222051e1,6.777470e2,8.225140e1
1.916091e1,,,
1.917758e1,,,
1.919426e1,,,
1.921093e1,9.617278e1,6.771678e2,8.191679e1
1.922761e1,,,
1.924429e1,,,
1.926096e1,,,
1.927764e1,1.003041e2,6.765206e2,8.156650e1
1.929431e1,,,
1.931099e1,,,
1.932767e1,,,
1.934434e1,1.043539e2,6.758976e2,8.122323e1
1.936102e1,,,
1.937770e1,,,
1.939437e1,,,
1.941105e1,1.083369e2,6.755000e2,8.088847e1
1.942772e1,,,
1.944440e1,,,
1.946108e1,,,
1.947775e1,1.121077e2,6.748147e2,8.056754e1
1.949443e1,,,
1.951110e1,,,
1.952778e1,,,
1.954446e1,1.160995e2,6.742247e2,8.022965e1
1.956113e1,,,
1.957781e1,,,
1.959449e1,,,
1.961116e1,1.198251e2,6.736183e2,7.991357e1
1.962784e1,,,
1.964451e1,,,
1.966119e1,,,
1.967787e1,1.238084e2,6.730392e2,7.957673e1
1.969454e1,,,
1.971122e1,,,
1.972789e1,,,
1.974457e1,1.261240e2,6.725786e2,7.937907e1
1.976125e1,,,
1.977792e1,,,
1.979460e1,,,
1.981128e1,1.241484e2,6.728375e2,7.954567e1
1.982795e1,,,
1.984463e1,,,
1.986130e1,,,
1.987798e1,1.202856e2,6.734762e2,7.987352e1
1.989466e1,,,
1.991133e1,,,
1.992801e1,,,
1.994468e1,1.163184e2,6.742100e2,8.021138e1
1.996136e1,,,
1.997804e1,,,
1.999471e1,,,
2.001139e1,1.123581e2,6.747584e2,8.054607e1
2.002807e1,,,
2.004474e1,,,
2.006142e1,,,
2.007809e1,1.084855e2,6.752976e2,8.087350e1
2.009477e1,,,
2.011145e1,,,
2.012812e1,,,
2.014480e1,1.044339e2,6.758312e2,8.121575e1
2.016147e1,,,
2.017815e1,,,
2.019483e1,,,
2.021150e1,1.004415e2,6.763527e2,8.155305e1
2.022818e1,,,
2.024486e1,,,
2.026153e1,,,
2.027821e1,9.638646e1,6.769383e2,8.189636e1
2.029488e1,,,
2.031156e1,,,
2.032824e1,,,
2.034491e1,9.218750e1,6.776044e2,8.225252e1
2.036159e1,,,
2.037826e1,,,
2.039494e1,,,
2.041162e1,8.821873e1,6.781555e2,8.258823e1
2.042829e1,,,
2.044497e1,,,
2.046165e1,,,
2.047832e1,8.407117e1,6.786709e2,8.293839e1
2.049500e1,,,
2.051167e1,,,
2.052835e1,,,
2.054503e1,8.007492e1,6.792131e2,8.327623e1
2.056170e1,,,
2.057838e1,,,
2.059506e1,,,
2.061173e1,7.590222e1,6.796342e2,8.362756e1
2.062841e1,,,
2.064508e1,,,
2.066176e1,,,
2.067844e1,7.194502e1,6.799668e2,8.396020e1
2.069511e1,,,
2.071179e1,,,
2.072846e1,,,
2.074514e1,6.758402e1,6.804491e2,8.432783e1
2.076182e1,,,
2.077849e1,,,
2.079517e1,,,
2.081185e1,6.319275e1,6.809358e2,8.469798e1
2.082852e1,,,
2.084520e1,,,
2.086187e1,,,
2.087855e1,5.903746e1,6.813364e2,8.504772e1
2.089523e1,,,
2.091190e1,,,
2.092858e1,,,
2.094525e1,5.471949e1,6.816536e2,8.541044e1
2.096193e1,,,
2.097861e1,,,
2.099528e1,,,
2.101196e1,5.043001e1,6.818882e2,8.577031e1
2.102864e1,,,
2.104531e1,,,
2.106199e1,,,
2.107866e1,4.605269e1,6.822125e2,8.613811e1
2.109534e1,,,
2.111202e1,,,
2.112869e1,,,
2.114537e1,4.186555e1,6.825370e2,8.648998e1
2.116204e1,,,
2.117872e1,,,
2.119540e1,,,
2.121207e1,3.742675e1,6.826869e2,8.686203e1
2.122875e1,,,
2.124543e1,,,
2.126210e1,,,
2.127878e1,3.298313e1,6.827649e2,8.723430e1
2.129545e1,,,
2.131213e1,,,
2.132881e1,,,
2.134548e1,2.864474e1,6.829189e2,8.759816e1
2.136216e1,,,
2.137883e1,,,
2.139551e1,,,
2.141219e1,2.417843e1,6.831537e2,8.797301e1
2.142886e1,,,
2.144554e1,,,
2.146222e1,,,
2.147889e1,2.003191e1,6.833041e2,8.832078e1
2.149557e1,,,
2.151224e1,,,
2.152892e1,,,
2.154560e1,1.548942e1,6.833527e2,8.870151e1
2.156227e1,,,
2.157895e1,,,
2.159562e1,,,
2.161230e1,1.099310e1,6.833573e2,8.907837e1
2.162898e1,,,
2.164565e1,,,
2.166233e1,,,
2.167901e1,6.511851e0,6.833567e2,8.945403e1
2.169568e1,,,
2.171236e1,,,
2.172903e1,,,
2.174571e1,2.152567e0,6.833295e2,8.981951e1
2.176239e1,,,
2.177906e1,,,
2.179574e1,,,
2.181241e1,-2.336452e0,6.833513e2,9.019590e1
2.182909e1,,,
2.184577e1,,,
2.186244e1,,,
2.187912e1,-6.826147e0,6.833007e2,9.057236e1
2.189580e1,,,
2.191247e1,,,
2.192915e1,,,
2.194582e1,-1.126035e1,6.831778e2,9.094428e1
2.196250e1,,,
2.197918e1,,,
2.199585e1,,,
2.201253e1,-1.582062e1,6.830243e2,9.132688e1
2.202920e1,,,
2.204588e1,,,
2.206256e1,,,
2.207923e1,-2.021636e1,6.828838e2,9.169571e1
2.209591e1,,,
2.211259e1,,,
2.212926e1,,,
2.214594e1,-2.458402e1,6.827742e2,9.206211e1
2.216261e1,,,
2.217929e1,,,
2.219597e1,,,
2.221264e1,-2.887947e1,6.824931e2,9.242301e1
2.222932e1,,,
2.224599e1,,,
2.226267e1,,,
2.227935e1,-3.308085e1,6.822931e2,9.277580e1
2.229602e1,,,
2.231270e1,,,
2.232938e1,,,
2.234605e1,-3.742632e1,6.820150e2,9.314102e1
2.236273e1,,,
2.237940e1,,,
2.239608e1,,,
2.241276e1,-4.187927e1,6.816151e2,9.351590e1
2.242943e1,,,
2.244611e1,,,
2.246278e1,,,
2.247946e1,-4.632135e1,6.813494e2,9.388925e1
2.249614e1,,,
2.251281e1,,,
2.252949e1,,,
2.254617e1,-5.070068e1,6.810601e2,9.425746e1
2.256284e1,,,
2.257952e1,,,
2.259619e1,,,
2.261287e1,-5.477509e1,6.806198e2,9.460115e1
2.262955e1,,,
2.264622e1,,,
2.266290e1,,,
2.267957e1,-5.895179e1,6.802345e2,9.495310e1
2.269625e1,,,
2.271293e1,,,
2.272960e1,,,
2.274628e1,-6.318702e1,6.798456e2,9.531000e1
2.276296e1,,,
2.277963e1,,,
2.279631e1,,,
2.281298e1,-6.739781e1,6.792027e2,9.566695e1
2.282966e1,,,
2.284634e1,,,
2.286301e1,,,
2.287969e1,-7.160842e1,6.787406e2,9.602253e1
2.289636e1,,,
2.291304e1,,,
2.292972e1,,,
2.294639e1,-7.589162e1,6.781931e2,9.638499e1
2.296307e1,,,
2.297975e1,,,
2.299642e1,,,
2.301310e1,-7.988849e1,6.776432e2,9.672366e1
2.302977e1,,,
2.304645e1,,,
2.306313e1,,,
2.307980e1,-8.390661e1,6.769807e2,9.706535e1
2.309648e1,,,
2.311315e1,,,
2.312983e1,,,
2.314651e1,-8.782065e1,6.765874e2,9.739561e1
2.316318e1,,,
2.317986e1,,,
2.319654e1,,,
2.321321e1,-9.182357e1,6.761282e2,9.773391e1
2.322989e1,,,
2.324656e1,,,
2.326324e1,,,
2.327992e1,-9.580057e1,6.755703e2,9.807113e1
2.329659e1,,,
2.331327e1,,,
2.332994e1,,,
2.334662e1,-9.961423e1,6.748533e2,9.839672e1
2.336330e1,,,
2.337997e1,,,
2.339665e1,,,
2.341333e1,-1.035072e2,6.742061e2,9.872816e1
2.343000e1,,,
2.344668e1,,,
2.346335e1,,,
2.348003e1,-1.073000e2,6.735053e2,9.905204e1
2.349671e1,,,
2.351338e1,,,
2.353006e1,,,
2.354674e1,-1.109851e2,6.728265e2,9.936679e1
2.356341e1,,,
2.358009e1,,,
2.359676e1,,,
2.361344e1,-1.145882e2,6.721338e2,9.967501e1
2.363012e1,,,
2.364679e1,,,
2.366347e1,,,
2.368014e1,-1.182577e2,6.715029e2,9.998789e1
2.369682e1,,,
2.371350e1,,,
2.373017e1,,,
2.374685e1,-1.219227e2,6.708124e2,1.003013e2
2.376353e1,,,
2.378020e1,,,
2.379688e1,,,
2.381355e1,-1.231493e2,6.704544e2,1.004081e2
2.383023e1,,,
2.384691e1,,,
2.386358e1,,,
2.388026e1,-1.203763e2,6.709999e2,1.001706e2
2.389693e1,,,
2.391361e1,,,
2.393029e1,,,
2.394696e1,-1.166914e2,6.717631e2,9.985447e1
2.396364e1,,,
2.398032e1,,,
2.399699e1,,,
2.401367e1,-1.130051e2,6.723228e2,9.954118e1
2.403034e1,,,
2.404702e1,,,
2.406370e1,,,
2.408037e1,-1.095067e2,6.729091e2,9.924308e1
2.409705e1,,,
2.411372e1,,,
2.413040e1,,,
2.414708e1,-1.056650e2,6.737660e2,9.891296e1
2.416375e1,,,
2.418043e1,,,
2.419711e1,,,
2.421378e1,-1.018251e2,6.742355e2,9.858808e1
2.423046e1,,,
2.424713e1,,,
2.426381e1,,,
2.428049e1,-9.801490e1,6.750244e2,9.826172e1
2.429716e1,,,
2.431384e1,,,
2.433051e1,,,
2.434719e1,-9.408704e1,6.755062e2,9.792936e1
2.436387e1,,,
2.438054e1,,,
2.439722e1,,,
2.441390e1,-9.010293e1,6.762749e2,9.758906e1
2.443057e1,,,
2.444725e1,,,
2.446392e1,,,
2.448060e1,-8.608180e1,6.767465e2,9.724907e1
2.449728e1,,,
2.451395e1,,,
2.453063e1,,,
2.454730e1,-8.188923e1,6.773783e2,9.689312e1
2.456398e1,,,
2.458066e1,,,
2.459733e1,,,
2.461401e1,-7.779457e1,6.778203e2,9.654728e1
2.463069e1,,,
2.464736e1,,,
2.466404e1,,,
2.468071e1,-7.364483e1,6.782929e2,9.619655e1
2.469739e1,,,
2.471407e1,,,
2.473074e1,,,
2.474742e1,-6.964011e1,6.787751e2,9.585786e1
2.476409e1,,,
2.478077e1,,,
2.479745e1,,,
2.481412e1,-6.551417e1,6.791757e2,9.550978e1
2.483080e1,,,
2.484748e1,,,
2.486415e1,,,
2.488083e1,-6.140840e1,6.795686e2,9.516344e1
2.489750e1,,,
2.491418e1,,,
2.493086e1,,,
2.494753e1,-5.709394e1,6.800318e2,9.479917e1
2.496421e1,,,
2.498088e1,,,
2.499756e1,,,
2.501424e1,-5.272229e1,6.803483e2,9.443117e1
2.503091e1,,,
2.504759e1,,,
2.506427e1,,,
2.508094e1,-4.853625e1,6.807652e2,9.407809e1
2.509762e1,,,
2.511429e1,,,
2.513097e1,,,
2.514765e1,-4.440963e1,6.811685e2,9.373019e1
2.516432e1,,,
2.518100e1,,,
2.519767e1,,,
2.521435e1,-4.022954e1,6.814183e2,9.337870e1
2.523103e1,,,
2.524770e1,,,
2.526438e1,,,
2.528106e1,-3.567876e1,6.816761e2,9.299611e1
2.529773e1,,,
2.531441e1,,,
2.533108e1,,,
2.534776e1,-3.133811e1,6.820219e2,9.263082e1
2.536444e1,,,
2.538111e1,,,
2.539779e1,,,
2.541446e1,-2.695125e1,6.823833e2,9.226176e1
2.543114e1,,,
2.544782e1,,,
2.546449e1,,,
2.548117e1,-2.244943e1,6.825590e2,9.188378e1
2.549785e1,,,
2.551452e1,,,
2.553120e1,,,
2.554787e1,-1.815073e1,6.827037e2,9.152294e1
2.556455e1,,,
2.558123e1,,,
2.559790e1,,,
2.561458e1,-1.377129e1,6.828457e2,9.115536e1
2.563125e1,,,
2.564793e1,,,
2.566461e1,,,
2.568128e1,-9.453175e0,6.829100e2,9.079307e1
2.569796e1,,,
2.571464e1,,,
2.573131e1,,,
2.574799e1,-5.015669e0,6.830972e2,9.042069e1
2.576466e1,,,
2.578134e1,,,
2.579802e1,,,
2.581469e1,-4.814778e-1,6.832617e2,9.004037e1
2.583137e1,,,
2.584804e1,,,
2.586472e1,,,
2.588140e1,1.414557e-1,6.832746e2,8.998814e1
2.589807e1,,,
2.591475e1,,,
2.593143e1,,,
2.594810e1,1.797992e-1,6.832978e2,8.998492e1
2.596478e1,,,
2.598145e1,,,
2.599813e1,,,
2.601481e1,2.060624e-1,6.833220e2,8.998272e1
2.603148e1,,,
2.604816e1,,,
2.606483e1,,,
2.608151e1,2.186863e-1,6.833414e2,8.998166e1
2.609819e1,,,
2.611486e1,,,
2.613154e1,,,
2.614822e1,2.260299e-1,6.833489e2,8.998105e1
2.616489e1,,,
2.618157e1,,,
2.619824e1,,,
2.621492e1,2.364333e-1,6.833550e2,8.998018e1
2.623160e1,,,
2.624827e1,,,
2.626495e1,,,
2.628162e1,2.407301e-1,6.833668e2,8.997982e1
2.629830e1,,,
2.631498e1,,,
2.633165e1,,,
2.634833e1,2.412374e-1,6.833737e2,8.997977e1
2.636501e1,,,
2.638168e1,,,
2.639836e1,,,
2.641503e1,2.454260e-1,6.833530e2,8.997942e1
2.643171e1,,,
2.644839e1,,,
2.646506e1,,,
2.648174e1,2.469464e-1,6.833129e2,8.997929e1
2.649841e1,,,
2.651509e1,,,
2.653177e1,,,
2.654844e1,2.364500e-1,6.833427e2,8.998017e1
2.656512e1,,,
2.658180e1,,,
2.659847e1,,,
2.661515e1,2.395781e-1,6.833438e2,8.997991e1
2.663182e1,,,
2.664850e1,,,
2.666518e1,,,
2.668185e1,2.403084e-1,6.833507e2,8.997985e1
2.669853e1,,,
2.671521e1,,,
2.673188e1,,,
2.674856e1,2.387265e-1,6.833526e2,8.997998e1
2.676523e1,,,
2.678191e1,,,
2.679859e1,,,
2.681526e1,2.363003e-1,6.833516e2,8.998019e1
2.683194e1,,,
2.684861e1,,,
2.686529e1,,,
2.688197e1,2.336866e-1,6.833515e2,8.998041e1
2.689864e1,,,
2.691532e1,,,
2.693200e1,,,
2.694867e1,2.146215e-1,6.833598e2,8.998201e1
2.696535e1,,,
2.698202e1,,,
2.699870e1,,,
2.701538e1,1.994487e-1,6.833527e2,8.998328e1
2.703205e1,,,
2.704873e1,,,
2.706540e1,,,
2.708208e1,2.086463e-1,6.833554e2,8.998251e1
2.709876e1,,,
2.711543e1,,,
2.713211e1,,,
2.714879e1,2.599394e-1,6.834144e2,8.997821e1
2.716546e1,,,
2.718214e1,,,
2.719881e1,,,
2.721549e1,2.530499e-1,6.833771e2,8.997878e1
2.723217e1,,,
2.724884e1,,,
2.726552e1,,,
2.728219e1,2.376904e-1,6.833636e2,8.998007e1
2.729887e1,,,
2.731555e1,,,
2.733222e1,,,
2.734890e1,2.290746e-1,6.833668e2,8.998079e1
2.736558e1,,,
2.738225e1,,,
2.739893e1,,,
2.741560e1,2.270514e-1,6.833586e2,8.998096e1
2.743228e1,,,
2.744896e1,,,
2.746563e1,,,
2.748231e1,2.241851e-1,6.833630e2,8.998120e1
2.749898e1,,,
2.751566e1,,,
2.753234e1,,,
2.754901e1,2.269450e-1,6.833627e2,8.998097e1
2.756569e1,,,
2.758237e1,,,
2.759904e1,,,
2.761572e1,2.299049e-1,6.833608e2,8.998072e1
2.763239e1,,,
2.764907e1,,,
2.766575e1,,,
2.768242e1,2.236073e-1,6.833443e2,8.998125e1
2.769910e1,,,
2.771577e1,,,
2.773245e1,,,
2.774913e1,2.200629e-1,6.833322e2,8.998155e1
2.776580e1,,,
2.778248e1,,,
2.779916e1,,,
2.781583e1,2.315302e-1,6.833350e2,8.998059e1
2.783251e1,,,
2.784918e1,,,
2.786586e1,,,
2.788254e1,2.393848e-1,6.833492e2,8.997993e1
2.789921e1,,,
2.791589e1,,,
2.793256e1,,,
2.794924e1,2.670014e-1,6.833838e2,8.997761e1
2.796592e1,,,
2.798259e1,,,
2.799927e1,,,
2.801595e1,2.583028e-1,6.833832e2,8.997834e1
2.803262e1,,,
2.804930e1,,,
2.806597e1,,,
2.808265e1,2.579165e-1,6.833555e2,8.997838e1
2.809933e1,,,
2.811600e1,,,
2.813268e1,,,
2.814935e1,2.536289e-1,6.833593e2,8.997873e1
2.816603e1,,,
2.818271e1,,,
2.819938e1,,,
2.821606e1,2.477514e-1,6.833664e2,8.997923e1
2.823274e1,,,
2.824941e1,,,
2.826609e1,,,
2.828276e1,2.513158e-1,6.833718e2,8.997893e1
2.829944e1,,,
2.831612e1,,,
2.833279e1,,,
2.834947e1,2.494451e-1,6.833920e2,8.997909e1
2.836614e1,,,
2.838282e1,,,
2.839950e1,,,
2.841617e1,2.221854e-1,6.833799e2,8.998137e1
2.843285e1,,,
2.844953e1,,,
2.846620e1,,,
2.848288e1,2.152503e-1,6.833806e2,8.998195e1
2.849955e1,,,
2.851623e1,,,
2.853291e1,,,
2.854958e1,2.164596e-1,6.833751e2,8.998185e1
2.856626e1,,,
2.858293e1,,,
2.859961e1,,,
2.861629e1,2.167358e-1,6.833811e2,8.998183e1
2.863296e1,,,
2.864964e1,,,
2.866632e1,,,
2.868299e1,2.182536e-1,6.833785e2,8.998170e1
2.869967e1,,,
2.871634e1,,,
2.873302e1,,,
2.874970e1,2.333575e-1,6.833582e2,8.998043e1
2.876637e1,,,
2.878305e1,,,
2.879972e1,,,
2.881640e1,2.296645e-1,6.833715e2,8.998074e1
2.883308e1,,,
2.884975e1,,,
2.886643e1,,,
2.888311e1,2.368436e-1,6.833733e2,8.998014e1
2.889978e1,,,
2.891646e1,,,
2.893313e1,,,
2.894981e1,2.447262e-1,6.833778e2,8.997948e1
2.896649e1,,,
2.898316e1,,,
2.899984e1,,,
2.901651e1,2.560701e-1,6.833968e2,8.997853e1
2.903319e1,,,
2.904987e1,,,
2.906654e1,,,
2.908322e1,2.643646e-1,6.833257e2,8.997783e1
2.909990e1,,,
2.911657e1,,,
2.913325e1,,,
2.914992e1,2.577762e-1,6.833337e2,8.997839e1
2.916660e1,,,
2.918328e1,,,
2.919995e1,,,
2.921663e1,2.574303e-1,6.831285e2,8.997841e1
2.923330e1,,,
2.924998e1,,,
2.926666e1,,,
2.928333e1,7.262459e-2,6.832625e2,8.999391e1
