,mass A,,,
t,x,y,θr,
0.000000e0,1.250000e0,6.827500e2,8.989510e1
1.668208e-2,1.296568e0,6.826213e2,8.989117e1
3.336417e-2,1.289330e0,6.827305e2,8.989180e1
5.004625e-2,1.283843e0,6.827349e2,8.989226e1
6.672834e-2,1.279576e0,6.827384e2,8.989262e1
8.341042e-2,1.276193e0,6.827409e2,8.989290e1
1.000925e-1,1.274505e0,6.827436e2,8.989304e1
1.167746e-1,1.269387e0,6.827405e2,8.989347e1
1.334567e-1,1.268039e0,6.827382e2,8.989359e1
1.501388e-1,1.267112e0,6.827392e2,8.989366e1
1.668208e-1,1.266457e0,6.827396e2,8.989372e1
1.835029e-1,1.263461e0,6.827435e2,8.989397e1
2.001850e-1,1.263712e0,6.827441e2,8.989395e1
2.168671e-1,1.263191e0,6.827437e2,8.989399e1
2.335492e-1,1.262289e0,6.827439e2,8.989407e1
2.502313e-1,1.263377e0,6.827484e2,8.989398e1
2.669134e-1,1.264708e0,6.827501e2,8.989387e1
2.835954e-1,1.264531e0,6.827487e2,8.989388e1
3.002775e-1,1.266629e0,6.827463e2,8.989371e1
3.169596e-1,1.263383e0,6.827549e2,8.989398e1
3.336417e-1,1.264307e0,6.827604e2,8.989390e1
3.503238e-1,1.263986e0,6.827607e2,8.989393e1
3.670059e-1,1.263887e0,6.827618e2,8.989394e1
3.836879e-1,1.264103e0,6.827687e2,8.989392e1
4.003700e-1,1.265458e0,6.827710e2,8.989381e1
4.170521e-1,1.265216e0,6.827686e2,8.989383e1
4.337342e-1,1.265003e0,6.827670e2,8.989384e1
4.504163e-1,1.262777e0,6.827659e2,8.989403e1
4.670984e-1,1.264822e0,6.827646e2,8.989386e1
4.837805e-1,1.264847e0,6.827655e2,8.989386e1
5.004625e-1,1.262100e0,6.827675e2,8.989409e1
5.171446e-1,1.259150e0,6.827682e2,8.989434e1
5.338267e-1,1.259113e0,6.827678e2,8.989434e1
5.505088e-1,1.258615e0,6.827673e2,8.989438e1
5.671909e-1,1.259083e0,6.827666e2,8.989434e1
5.838730e-1,1.260531e0,6.827648e2,8.989422e1
6.005550e-1,1.263442e0,6.827632e2,8.989398e1
6.172371e-1,1.264353e0,6.827659e2,8.989390e1
6.339192e-1,1.264964e0,6.827681e2,8.989385e1
6.506013e-1,1.264770e0,6.827668e2,8.989386e1
6.672834e-1,1.264672e0,6.827650e2,8.989387e1
6.839655e-1,1.264275e0,6.827638e2,8.989391e1
7.006475e-1,1.263728e0,6.827632e2,8.989395e1
7.173296e-1,1.264218e0,6.827637e2,8.989391e1
7.340117e-1,1.264939e0,6.827642e2,8.989385e1
7.506938e-1,1.265746e0,6.827644e2,8.989378e1
7.673759e-1,1.266155e0,6.827650e2,8.989375e1
7.840580e-1,1.266555e0,6.827659e2,8.989371e1
8.007401e-1,1.266284e0,6.827655e2,8.989374e1
8.174221e-1,1.266406e0,6.827649e2,8.989373e1
8.341042e-1,1.266728e0,6.827646e2,8.989370e1
8.507863e-1,1.266850e0,6.827643e2,8.989369e1
8.674684e-1,1.267320e0,6.827643e2,8.989365e1
8.841505e-1,1.268041e0,6.827692e2,8.989359e1
9.008326e-1,1.267649e0,6.827679e2,8.989362e1
9.175146e-1,1.270317e0,6.827646e2,8.989340e1
9.341967e-1,1.270260e0,6.827627e2,8.989340e1
9.508788e-1,1.269071e0,6.827623e2,8.989350e1
9.675609e-1,1.267213e0,6.827612e2,8.989366e1
9.842430e-1,1.267635e0,6.827616e2,8.989362e1
1.000925e0,1.267053e0,6.827616e2,8.989367e1
1.017607e0,1.266747e0,6.827612e2,8.989370e1
1.034289e0,1.267793e0,6.827613e2,8.989361e1
1.050971e0,1.267771e0,6.827609e2,8.989361e1
1.067653e0,1.267551e0,6.827606e2,8.989363e1
1.084335e0,1.266921e0,6.827647e2,8.989368e1
1.101018e0,1.266700e0,6.827689e2,8.989370e1
1.117700e0,1.256731e0,6.827669e2,8.989454e1
1.134382e0,1.251430e0,6.827605e2,8.989498e1
1.151064e0,1.250379e0,6.827650e2,8.989507e1
1.167746e0,1.248630e0,6.827667e2,8.989522e1
1.184428e0,1.249802e0,6.827517e2,8.989512e1
1.201110e0,1.252535e0,6.827522e2,8.989489e1
1.217792e0,1.249558e0,6.827530e2,8.989514e1
1.234474e0,1.251533e0,6.827475e2,8.989497e1
1.251156e0,1.250058e0,6.827521e2,8.989510e1
1.267838e0,1.248772e0,6.827542e2,8.989520e1
1.284521e0,1.249273e0,6.827544e2,8.989516e1
1.301203e0,1.251020e0,6.827554e2,8.989502e1
1.317885e0,1.250925e0,6.827553e2,8.989502e1
1.334567e0,1.241959e0,6.827547e2,8.989578e1
1.351249e0,1.241521e0,6.827553e2,8.989581e1
1.367931e0,1.241204e0,6.827554e2,8.989584e1
1.384613e0,1.240263e0,6.827551e2,8.989592e1
1.401295e0,1.241993e0,6.827545e2,8.989577e1
1.417977e0,1.242788e0,6.827540e2,8.989571e1
1.434659e0,1.243120e0,6.827543e2,8.989568e1
1.451341e0,1.243818e0,6.827555e2,8.989562e1
1.468023e0,1.243837e0,6.827554e2,8.989562e1
1.484706e0,1.247163e0,6.827525e2,8.989534e1
1.501388e0,1.243746e0,6.827558e2,8.989563e1
1.518070e0,1.244662e0,6.827550e2,8.989555e1
1.534752e0,1.245222e0,6.827552e2,8.989550e1
1.551434e0,1.242334e0,6.827534e2,8.989575e1
1.568116e0,1.243672e0,6.827549e2,8.989563e1
1.584798e0,1.243318e0,6.827554e2,8.989566e1
1.601480e0,1.242261e0,6.827550e2,8.989575e1
1.618162e0,1.242063e0,6.827552e2,8.989577e1
1.634844e0,1.241394e0,6.827550e2,8.989582e1
1.651526e0,1.237675e0,6.827574e2,8.989614e1
1.668208e0,1.235178e0,6.827591e2,8.989635e1
1.684891e0,1.233351e0,6.827602e2,8.989650e1
1.701573e0,1.230842e0,6.827621e2,8.989671e1
1.718255e0,1.233191e0,6.827559e2,8.989651e1
1.734937e0,1.235923e0,6.827554e2,8.989628e1
1.751619e0,1.237828e0,6.827552e2,8.989612e1
1.768301e0,1.239425e0,6.827548e2,8.989599e1
1.784983e0,1.237127e0,6.827551e2,8.989618e1
1.801665e0,1.237242e0,6.827543e2,8.989617e1
1.818347e0,1.236224e0,6.827541e2,8.989626e1
1.835029e0,1.235686e0,6.827537e2,8.989630e1
1.851711e0,1.234618e0,6.827493e2,8.989639e1
1.868393e0,1.236298e0,6.827494e2,8.989625e1
1.885076e0,1.236377e0,6.827482e2,8.989624e1
1.901758e0,1.236366e0,6.827465e2,8.989624e1
1.918440e0,1.239005e0,6.827473e2,8.989602e1
1.935122e0,1.239808e0,6.827472e2,8.989596e1
1.951804e0,1.241413e0,6.827470e2,8.989582e1
1.968486e0,1.241884e0,6.827470e2,8.989578e1
1.985168e0,1.257322e0,6.827440e2,8.989449e1
2.001850e0,1.269128e0,6.827415e2,8.989349e1
2.018532e0,1.241803e0,6.827376e2,8.989579e1
2.035214e0,1.243787e0,6.827383e2,8.989562e1
2.051896e0,1.241873e0,6.827389e2,8.989578e1
2.068578e0,1.242386e0,6.827394e2,8.989574e1
2.085261e0,1.244183e0,6.827395e2,8.989559e1
2.101943e0,1.245363e0,6.827400e2,8.989549e1
2.118625e0,1.244470e0,6.827416e2,8.989556e1
2.135307e0,1.243750e0,6.827430e2,8.989562e1
2.151989e0,1.243892e0,6.827433e2,8.989561e1
2.168671e0,1.242323e0,6.827445e2,8.989574e1
2.185353e0,1.243528e0,6.827457e2,8.989564e1
2.202035e0,1.243629e0,6.827449e2,8.989564e1
2.218717e0,1.244158e0,6.827462e2,8.989559e1
2.235399e0,1.244202e0,6.827467e2,8.989559e1
2.252081e0,1.244722e0,6.827460e2,8.989554e1
2.268763e0,1.244483e0,6.827455e2,8.989556e1
2.285446e0,1.246212e0,6.827461e2,8.989542e1
2.302128e0,1.247227e0,6.827468e2,8.989533e1
2.318810e0,1.260651e0,6.827355e2,8.989421e1
2.335492e0,1.265937e0,6.827282e2,8.989376e1
2.352174e0,1.265471e0,6.827290e2,8.989380e1
2.368856e0,1.265171e0,6.827289e2,8.989382e1
2.385538e0,1.265311e0,6.827302e2,8.989381e1
2.402220e0,1.265063e0,6.827316e2,8.989383e1
2.418902e0,1.263774e0,6.827331e2,8.989394e1
2.435584e0,1.263274e0,6.827334e2,8.989398e1
2.452266e0,1.263944e0,6.827323e2,8.989393e1
2.468949e0,1.264186e0,6.827318e2,8.989391e1
2.485631e0,1.265475e0,6.827313e2,8.989380e1
2.502313e0,1.266629e0,6.827300e2,8.989370e1
2.518995e0,1.264182e0,6.827303e2,8.989391e1
2.535677e0,1.261476e0,6.827300e2,8.989414e1
2.552359e0,1.259912e0,6.827293e2,8.989427e1
2.569041e0,1.257642e0,6.827284e2,8.989446e1
2.585723e0,1.257950e0,6.827296e2,8.989443e1
2.602405e0,1.258748e0,6.827329e2,8.989436e1
2.619087e0,1.258602e0,6.827332e2,8.989438e1
2.635769e0,1.258838e0,6.827349e2,8.989436e1
2.652451e0,1.257802e0,6.827353e2,8.989444e1
2.669134e0,1.257569e0,6.827355e2,8.989446e1
2.685816e0,1.251657e0,6.827402e2,8.989496e1
2.702498e0,1.257451e0,6.827354e2,8.989447e1
2.719180e0,1.256154e0,6.827366e2,8.989458e1
2.735862e0,1.256788e0,6.827361e2,8.989453e1
2.752544e0,1.256663e0,6.827362e2,8.989454e1
2.769226e0,1.256662e0,6.827362e2,8.989454e1
2.785908e0,1.261050e0,6.827453e2,8.989417e1
2.802590e0,1.263189e0,6.827542e2,8.989400e1
2.819272e0,1.265942e0,6.827612e2,8.989377e1
2.835954e0,1.268786e0,6.827692e2,8.989353e1
2.852636e0,1.266737e0,6.827663e2,8.989370e1
2.869319e0,1.264865e0,6.827640e2,8.989386e1
2.886001e0,1.262640e0,6.827592e2,8.989404e1
2.902683e0,1.260256e0,6.827547e2,8.989424e1
2.919365e0,1.260239e0,6.827554e2,8.989424e1
2.936047e0,1.260209e0,6.827552e2,8.989425e1
2.952729e0,1.259913e0,6.827550e2,8.989427e1
2.969411e0,1.260147e0,6.827546e2,8.989425e1
2.986093e0,1.259866e0,6.827542e2,8.989427e1
3.002775e0,1.259792e0,6.827541e2,8.989428e1
3.019457e0,1.259775e0,6.827541e2,8.989428e1
3.036139e0,1.259758e0,6.827541e2,8.989428e1
3.052821e0,1.258804e0,6.827535e2,8.989436e1
3.069504e0,1.257818e0,6.827524e2,8.989445e1
3.086186e0,1.252663e0,6.827469e2,8.989488e1
3.102868e0,1.247251e0,6.827408e2,8.989533e1
3.119550e0,1.253271e0,6.827474e2,8.989483e1
3.136232e0,1.257913e0,6.827525e2,8.989444e1
3.152914e0,1.257404e0,6.827520e2,8.989448e1
3.169596e0,1.257251e0,6.827518e2,8.989449e1
3.186278e0,1.256475e0,6.827508e2,8.989456e1
3.202960e0,1.255186e0,6.827498e2,8.989467e1
3.219642e0,1.254300e0,6.827490e2,8.989474e1
3.236324e0,1.253739e0,6.827483e2,8.989479e1
3.253006e0,1.259297e0,6.827504e2,8.989432e1
3.269689e0,1.264460e0,6.827522e2,8.989389e1
3.286371e0,1.530420e0,6.827600e2,8.987157e1
3.303053e0,2.470616e0,6.827721e2,8.979268e1
3.319735e0,3.809482e0,6.827572e2,8.968032e1
3.336417e0,5.440232e0,6.827595e2,8.954348e1
3.353099e0,7.570835e0,6.828566e2,8.936479e1
3.369781e0,9.815354e0,6.828265e2,8.917645e1
3.386463e0,1.211208e1,6.827706e2,8.898370e1
3.403145e0,1.425896e1,6.827122e2,8.880351e1
3.419827e0,1.646797e1,6.827319e2,8.861825e1
3.436509e0,1.866790e1,6.827601e2,8.843382e1
3.453191e0,2.084959e1,6.826676e2,8.825065e1
3.469874e0,2.317610e1,6.826913e2,8.805566e1
3.486556e0,2.535156e1,6.827069e2,8.787336e1
3.503238e0,2.760711e1,6.826800e2,8.768426e1
3.519920e0,2.980995e1,6.825847e2,8.749936e1
3.536602e0,3.211583e1,6.825846e2,8.730620e1
3.553284e0,3.420998e1,6.825418e2,8.713065e1
3.569966e0,3.642196e1,6.825155e2,8.694535e1
3.586648e0,3.857999e1,6.825209e2,8.676476e1
3.603330e0,4.076175e1,6.824636e2,8.658194e1
3.620012e0,4.299770e1,6.823232e2,8.639418e1
3.636694e0,4.515392e1,6.822191e2,8.621330e1
3.653377e0,4.736184e1,6.820662e2,8.602783e1
3.670059e0,4.936335e1,6.817547e2,8.585865e1
3.686741e0,5.156704e1,6.816228e2,8.567362e1
3.703423e0,5.379023e1,6.815528e2,8.548740e1
3.720105e0,5.609238e1,6.814757e2,8.529458e1
3.736787e0,5.827334e1,6.813241e2,8.511142e1
3.753469e0,6.043144e1,6.813418e2,8.493143e1
3.770151e0,6.240116e1,6.811377e2,8.476557e1
3.786833e0,6.448321e1,6.808411e2,8.458959e1
3.803515e0,6.657978e1,6.806298e2,8.441305e1
3.820197e0,6.869220e1,6.804345e2,8.423532e1
3.836879e0,7.062718e1,6.803991e2,8.407377e1
3.853562e0,7.273584e1,6.803691e2,8.389789e1
3.870244e0,7.473430e1,6.801019e2,8.372910e1
3.886926e0,7.664393e1,6.798190e2,8.356754e1
3.903608e0,7.887270e1,6.795896e2,8.337991e1
3.920290e0,8.102823e1,6.793989e2,8.319877e1
3.936972e0,8.315509e1,6.791604e2,8.301956e1
3.953654e0,8.530290e1,6.788527e2,8.283790e1
3.970336e0,8.738926e1,6.785947e2,8.266185e1
3.987018e0,8.937106e1,6.783743e2,8.249490e1
4.003700e0,9.137114e1,6.781267e2,8.232615e1
4.020382e0,9.334507e1,6.777828e2,8.215848e1
4.037064e0,9.534001e1,6.775567e2,8.199041e1
4.053747e0,9.733114e1,6.773335e2,8.182272e1
4.070429e0,9.933767e1,6.770880e2,8.165350e1
4.087111e0,1.014127e2,6.767761e2,8.147782e1
4.103793e0,1.033883e2,6.764713e2,8.131045e1
4.120475e0,1.053956e2,6.762098e2,8.114103e1
4.137157e0,1.073771e2,6.758335e2,8.097225e1
4.153839e0,1.093664e2,6.755950e2,8.080464e1
4.170521e0,1.113172e2,6.752770e2,8.063917e1
4.187203e0,1.132700e2,6.750506e2,8.047480e1
4.203885e0,1.152724e2,6.746877e2,8.030446e1
4.220567e0,1.171470e2,6.743692e2,8.014529e1
4.237249e0,1.191001e2,6.740405e2,7.997951e1
4.253932e0,1.211077e2,6.737119e2,7.980924e1
4.270614e0,1.229392e2,6.735071e2,7.965535e1
4.287296e0,1.242357e2,6.731241e2,7.954284e1
4.303978e0,1.255085e2,6.729123e2,7.943485e1
4.320660e0,1.262858e2,6.727433e2,7.936829e1
4.337342e0,1.268296e2,6.726805e2,7.932259e1
4.354024e0,1.269627e2,6.726827e2,7.931168e1
4.370706e0,1.270149e2,6.727025e2,7.930769e1
4.387388e0,1.266429e2,6.726980e2,7.933822e1
4.404070e0,1.257093e2,6.727100e2,7.941522e1
4.420752e0,1.244507e2,6.729373e2,7.952230e1
4.437434e0,1.231060e2,6.731645e2,7.963647e1
4.454117e0,1.213671e2,6.733703e2,7.978280e1
4.470799e0,1.193625e2,6.737959e2,7.995431e1
4.487481e0,1.175449e2,6.741518e2,8.010936e1
4.504163e0,1.155120e2,6.744061e2,8.028071e1
4.520845e0,1.134989e2,6.747922e2,8.045231e1
4.537527e0,1.115200e2,6.751189e2,8.062026e1
4.554209e0,1.094798e2,6.753399e2,8.079185e1
4.570891e0,1.074568e2,6.756885e2,8.096375e1
4.587573e0,1.054486e2,6.759553e2,8.113336e1
4.604255e0,1.034300e2,6.761629e2,8.130310e1
4.620937e0,1.014762e2,6.764168e2,8.146810e1
4.637619e0,9.945137e1,6.767457e2,8.163992e1
4.654302e0,9.740205e1,6.769746e2,8.181256e1
4.670984e0,9.538724e1,6.771948e2,8.198227e1
4.687666e0,9.347300e1,6.774055e2,8.214355e1
4.704348e0,9.123170e1,6.777299e2,8.233329e1
4.721030e0,8.922880e1,6.779325e2,8.250189e1
4.737712e0,8.717925e1,6.781929e2,8.267500e1
4.754394e0,8.507256e1,6.783403e2,8.285170e1
4.771076e0,8.311490e1,6.786980e2,8.301819e1
4.787758e0,8.115393e1,6.789223e2,8.318358e1
4.804440e0,7.897757e1,6.790692e2,8.336615e1
4.821122e0,7.702649e1,6.792302e2,8.353015e1
4.837805e0,7.505765e1,6.793907e2,8.369565e1
4.854487e0,7.310959e1,6.797148e2,8.386091e1
4.871169e0,7.096148e1,6.798874e2,8.404148e1
4.887851e0,6.896192e1,6.800224e2,8.420936e1
4.904533e0,6.696107e1,6.801545e2,8.437736e1
4.921215e0,6.486709e1,6.802107e2,8.455256e1
4.937897e0,6.265163e1,6.803427e2,8.473857e1
4.954579e0,6.049501e1,6.807518e2,8.492175e1
4.971261e0,5.826242e1,6.808649e2,8.510905e1
4.987943e0,5.609393e1,6.808386e2,8.529007e1
5.004625e0,5.388828e1,6.810208e2,8.547569e1
5.021307e0,5.179101e1,6.812060e2,8.565226e1
5.037990e0,4.990304e1,6.810982e2,8.580951e1
5.054672e0,4.777539e1,6.811318e2,8.598778e1
5.071354e0,4.557266e1,6.812795e2,8.617303e1
5.088036e0,4.344210e1,6.816009e2,8.635316e1
5.104718e0,4.115510e1,6.816638e2,8.654499e1
5.121400e0,3.893674e1,6.817493e2,8.673122e1
5.138082e0,3.683406e1,6.819158e2,8.690814e1
5.154764e0,3.469940e1,6.819808e2,8.708728e1
5.171446e0,3.233433e1,6.819307e2,8.728530e1
5.188128e0,3.022144e1,6.820010e2,8.746272e1
5.204810e0,2.812673e1,6.820940e2,8.763870e1
5.221492e0,2.571878e1,6.821107e2,8.784070e1
5.238175e0,2.353505e1,6.820693e2,8.802377e1
5.254857e0,2.129634e1,6.821448e2,8.821183e1
5.271539e0,1.912382e1,6.822290e2,8.839434e1
5.288221e0,1.703808e1,6.821432e2,8.856920e1
5.304903e0,1.492048e1,6.820675e2,8.874683e1
5.321585e0,1.273031e1,6.820682e2,8.893074e1
5.338267e0,1.038753e1,6.820166e2,8.912742e1
5.354949e0,8.010649e0,6.819774e2,8.932702e1
5.371631e0,5.876189e0,6.819510e2,8.950631e1
5.388313e0,3.704246e0,6.820464e2,8.968883e1
5.404995e0,1.387545e0,6.818821e2,8.988341e1
5.421677e0,-8.539583e-1,6.818517e2,9.007176e1
5.438360e0,-2.832278e0,6.818607e2,9.023799e1
5.455042e0,-5.069431e0,6.818549e2,9.042597e1
5.471724e0,-7.290925e0,6.818663e2,9.061262e1
5.488406e0,-9.646618e0,6.817943e2,9.081062e1
5.505088e0,-1.187660e1,6.817781e2,9.099799e1
5.521770e0,-1.410486e1,6.816842e2,9.118535e1
5.538452e0,-1.628807e1,6.816054e2,9.136891e1
5.555134e0,-1.864984e1,6.816659e2,9.156718e1
5.571816e0,-2.087661e1,6.816783e2,9.175415e1
5.588498e0,-2.296558e1,6.815428e2,9.192993e1
5.605180e0,-2.516638e1,6.815790e2,9.211461e1
5.621862e0,-2.732740e1,6.816723e2,9.229569e1
5.638545e0,-2.950432e1,6.814926e2,9.247900e1
5.655227e0,-3.182187e1,6.814383e2,9.267366e1
5.671909e0,-3.392012e1,6.813888e2,9.284988e1
5.688591e0,-3.597012e1,6.813995e2,9.302176e1
5.705273e0,-3.819235e1,6.811904e2,9.320905e1
5.721955e0,-4.038054e1,6.809885e2,9.339349e1
5.738637e0,-4.248036e1,6.808608e2,9.357018e1
5.755319e0,-4.484602e1,6.806357e2,9.376968e1
5.772001e0,-4.698564e1,6.804549e2,9.395002e1
5.788683e0,-4.895229e1,6.802645e2,9.411595e1
5.805365e0,-5.113092e1,6.802519e2,9.429854e1
5.822047e0,-5.327938e1,6.801441e2,9.447914e1
5.838730e0,-5.543230e1,6.798214e2,9.466156e1
5.855412e0,-5.757909e1,6.796896e2,9.484218e1
5.872094e0,-5.971840e1,6.794107e2,9.502324e1
5.888776e0,-6.174600e1,6.792216e2,9.519431e1
5.905458e0,-6.391771e1,6.788754e2,9.537868e1
5.922140e0,-6.593537e1,6.786397e2,9.554933e1
5.938822e0,-6.798746e1,6.784593e2,9.572243e1
5.955504e0,-7.022462e1,6.782713e2,9.591104e1
5.972186e0,-7.215291e1,6.780874e2,9.607379e1
5.988868e0,-7.408799e1,6.779241e2,9.623691e1
6.005550e0,-7.620057e1,6.775422e2,9.641687e1
6.022233e0,-7.812975e1,6.774042e2,9.657925e1
6.038915e0,-7.987939e1,6.771646e2,9.672761e1
6.055597e0,-8.196246e1,6.767641e2,9.690542e1
6.072279e0,-8.410819e1,6.765454e2,9.708666e1
6.088961e0,-8.591688e1,6.762943e2,9.724011e1
6.105643e0,-8.783075e1,6.761085e2,9.740163e1
6.122325e0,-8.986512e1,6.756341e2,9.757636e1
6.139007e0,-9.181253e1,6.753957e2,9.774127e1
6.155689e0,-9.380411e1,6.752330e2,9.790897e1
6.172371e0,-9.583373e1,6.746962e2,9.808420e1
6.189053e0,-9.780201e1,6.743345e2,9.825234e1
6.205735e0,-9.963998e1,6.742101e2,9.840676e1
6.222418e0,-1.016325e2,6.737541e2,9.857812e1
6.239100e0,-1.034801e2,6.734343e2,9.873576e1
6.255782e0,-1.055505e2,6.732364e2,9.891034e1
6.272464e0,-1.075175e2,6.728518e2,9.907875e1
6.289146e0,-1.093488e2,6.725984e2,9.923417e1
6.305828e0,-1.112223e2,6.720994e2,9.939643e1
6.322510e0,-1.129227e2,6.717819e2,9.954189e1
6.339192e0,-1.147523e2,6.714991e2,9.969759e1
6.355874e0,-1.166720e2,6.710155e2,9.986363e1
6.372556e0,-1.184571e2,6.706795e2,1.000164e2
6.389238e0,-1.197116e2,6.705407e2,1.001224e2
6.405920e0,-1.207143e2,6.704104e2,1.002073e2
6.422603e0,-1.216811e2,6.701967e2,1.002905e2
6.439285e0,-1.219372e2,6.700604e2,1.003138e2
6.455967e0,-1.218927e2,6.699888e2,1.003112e2
6.472649e0,-1.218654e2,6.699364e2,1.003097e2
6.489331e0,-1.214133e2,6.699231e2,1.002725e2
6.506013e0,-1.207273e2,6.700836e2,1.002133e2
6.522695e0,-1.197564e2,6.703485e2,1.001289e2
6.539377e0,-1.184963e2,6.706572e2,1.000200e2
6.556059e0,-1.168486e2,6.708575e2,9.988054e1
6.572741e0,-1.148323e2,6.713921e2,9.970573e1
6.589423e0,-1.131065e2,6.717298e2,9.955786e1
6.606105e0,-1.112713e2,6.719686e2,9.940229e1
6.622788e0,-1.094948e2,6.723634e2,9.924946e1
6.639470e0,-1.076919e2,6.728086e2,9.909381e1
6.656152e0,-1.059311e2,6.730274e2,9.894468e1
6.672834e0,-1.038915e2,6.732581e2,9.877221e1
6.689516e0,-1.019282e2,6.738034e2,9.860208e1
6.706198e0,-1.000009e2,6.740766e2,9.843842e1
6.722880e0,-9.800237e1,6.743069e2,9.826935e1
6.739562e0,-9.607330e1,6.747256e2,9.810380e1
6.756244e0,-9.403340e1,6.750779e2,9.792986e1
6.772926e0,-9.200031e1,6.752259e2,9.775884e1
6.789608e0,-8.996948e1,6.754324e2,9.758729e1
6.806290e0,-8.809337e1,6.758257e2,9.742659e1
6.822973e0,-8.602417e1,6.760391e2,9.725176e1
6.839655e0,-8.397283e1,6.762314e2,9.707862e1
6.856337e0,-8.199111e1,6.764990e2,9.691050e1
6.873019e0,-7.974263e1,6.768830e2,9.671897e1
6.889701e0,-7.782103e1,6.770166e2,9.655720e1
6.906383e0,-7.579769e1,6.772415e2,9.638604e1
6.923065e0,-7.377949e1,6.774615e2,9.621535e1
6.939747e0,-7.171166e1,6.777834e2,9.603961e1
6.956429e0,-6.972094e1,6.779546e2,9.587166e1
6.973111e0,-6.753221e1,6.782446e2,9.568615e1
6.989793e0,-6.561224e1,6.784233e2,9.552406e1
7.006475e0,-6.362516e1,6.787148e2,9.535546e1
7.023158e0,-6.154769e1,6.789323e2,9.517991e1
7.039840e0,-5.949812e1,6.791500e2,9.500671e1
7.056522e0,-5.737067e1,6.792614e2,9.482776e1
7.073204e0,-5.523736e1,6.795985e2,9.464675e1
7.089886e0,-5.319274e1,6.797255e2,9.447463e1
7.106568e0,-5.087748e1,6.800138e2,9.427880e1
7.123250e0,-4.863834e1,6.801551e2,9.409030e1
7.139932e0,-4.674731e1,6.802817e2,9.393105e1
7.156614e0,-4.455037e1,6.806512e2,9.374481e1
7.173296e0,-4.235757e1,6.807684e2,9.356037e1
7.189978e0,-4.031902e1,6.809626e2,9.338846e1
7.206660e0,-3.848494e1,6.808998e2,9.323496e1
7.223343e0,-3.612533e1,6.811210e2,9.303601e1
7.240025e0,-3.397734e1,6.812106e2,9.285543e1
7.256707e0,-3.170193e1,6.811279e2,9.266481e1
7.273389e0,-2.952929e1,6.813737e2,9.248152e1
7.290071e0,-2.729820e1,6.816767e2,9.229322e1
7.306753e0,-2.538144e1,6.817387e2,9.213216e1
7.323435e0,-2.309076e1,6.817853e2,9.193976e1
7.340117e0,-2.073023e1,6.818896e2,9.174132e1
7.356799e0,-1.859378e1,6.819596e2,9.156180e1
7.373481e0,-1.648129e1,6.820175e2,9.138431e1
7.390163e0,-1.438139e1,6.820257e2,9.120798e1
7.406846e0,-1.229276e1,6.820310e2,9.103257e1
7.423528e0,-1.015718e1,6.820480e2,9.085320e1
7.440210e0,-7.857435e0,6.820385e2,9.066005e1
7.456892e0,-5.610441e0,6.821584e2,9.047122e1
7.473574e0,-3.383567e0,6.821778e2,9.028418e1
7.490256e0,-1.191723e0,6.821146e2,9.010010e1
7.506938e0,1.159714e0,6.820593e2,8.990258e1
7.523620e0,3.402479e0,6.820190e2,8.971416e1
7.540302e0,5.513420e0,6.820386e2,8.953685e1
7.556984e0,7.802639e0,6.820748e2,8.934459e1
7.573666e0,1.021198e1,6.820972e2,8.914226e1
7.590348e0,1.225859e1,6.820198e2,8.897028e1
7.607031e0,1.445416e1,6.819214e2,8.878573e1
7.623713e0,1.665885e1,6.818353e2,8.860041e1
7.640395e0,1.888226e1,6.818199e2,8.841366e1
7.657077e0,2.111322e1,6.818244e2,8.822636e1
7.673759e0,2.329114e1,6.817991e2,8.804346e1
7.690441e0,2.545162e1,6.818038e2,8.786215e1
7.707123e0,2.775108e1,6.817858e2,8.766915e1
7.723805e0,3.010999e1,6.817135e2,8.747100e1
7.740487e0,3.233770e1,6.816791e2,8.728402e1
7.757169e0,3.439967e1,6.816467e2,8.711099e1
7.773851e0,3.672639e1,6.816574e2,8.691600e1
7.790533e0,3.877943e1,6.816054e2,8.674371e1
7.807216e0,4.104738e1,6.815926e2,8.655365e1
7.823898e0,4.331753e1,6.815423e2,8.636328e1
7.840580e0,4.531996e1,6.815291e2,8.619558e1
7.857262e0,4.734831e1,6.814923e2,8.602563e1
7.873944e0,4.962650e1,6.814459e2,8.583477e1
7.890626e0,5.167042e1,6.813848e2,8.566348e1
7.907308e0,5.384652e1,6.812733e2,8.548085e1
7.923990e0,5.616155e1,6.811982e2,8.528690e1
7.940672e0,5.837703e1,6.809077e2,8.509978e1
7.957354e0,6.035405e1,6.808770e2,8.493445e1
7.974036e0,6.257538e1,6.806747e2,8.474748e1
7.990718e0,6.452490e1,6.805622e2,8.458391e1
8.007401e0,6.652551e1,6.804397e2,8.441603e1
8.024083e0,6.873113e1,6.802218e2,8.423029e1
8.040765e0,7.063970e1,6.798571e2,8.406804e1
8.057447e0,7.262188e1,6.798344e2,8.390262e1
8.074129e0,7.488190e1,6.796101e2,8.371231e1
8.090811e0,7.699717e1,6.794107e2,8.353429e1
8.107493e0,7.917294e1,6.792316e2,8.335146e1
8.124175e0,8.124771e1,6.788653e2,8.317521e1
8.140857e0,8.342840e1,6.786423e2,8.299155e1
8.157539e0,8.547220e1,6.785184e2,8.282033e1
8.174221e0,8.747773e1,6.782075e2,8.265036e1
8.190903e0,8.950499e1,6.778710e2,8.247827e1
8.207586e0,9.139279e1,6.776241e2,8.231873e1
8.224268e0,9.342879e1,6.772993e2,8.214601e1
8.240950e0,9.539956e1,6.770933e2,8.198006e1
8.257632e0,9.730432e1,6.767426e2,8.181790e1
8.274314e0,9.942441e1,6.765160e2,8.163936e1
8.290996e0,1.013999e2,6.762130e2,8.147189e1
8.307678e0,1.033946e2,6.758569e2,8.130216e1
8.324360e0,1.054211e2,6.755908e2,8.113093e1
8.341042e0,1.074429e2,6.753352e2,8.096025e1
8.357724e0,1.093106e2,6.751931e2,8.080387e1
8.374406e0,1.113185e2,6.747863e2,8.063237e1
8.391088e0,1.132754e2,6.745508e2,8.046742e1
8.407771e0,1.152032e2,6.741802e2,8.030301e1
8.424453e0,1.172109e2,6.739733e2,8.013435e1
8.441135e0,1.192177e2,6.735089e2,7.996206e1
8.457817e0,1.210358e2,6.732549e2,7.980840e1
8.474499e0,1.228725e2,6.730845e2,7.965449e1
8.491181e0,1.244168e2,6.727922e2,7.952288e1
8.507863e0,1.253831e2,6.725832e2,7.944013e1
8.524545e0,1.262658e2,6.725445e2,7.936687e1
8.541227e0,1.266643e2,6.724736e2,7.933299e1
8.557909e0,1.265766e2,6.725395e2,7.934122e1
8.574591e0,1.265160e2,6.725872e2,7.934694e1
8.591274e0,1.261990e2,6.727153e2,7.937501e1
8.607956e0,1.252522e2,6.727897e2,7.945407e1
8.624638e0,1.242408e2,6.729374e2,7.953958e1
8.641320e0,1.227843e2,6.731638e2,7.966295e1
8.658002e0,1.211414e2,6.733970e2,7.980180e1
8.674684e0,1.191848e2,6.737897e2,7.996887e1
8.691366e0,1.173422e2,6.741112e2,8.012549e1
8.708048e0,1.153139e2,6.743917e2,8.029686e1
8.724730e0,1.133204e2,6.747093e2,8.046590e1
8.741412e0,1.113433e2,6.750859e2,8.063440e1
8.758094e0,1.093764e2,6.752662e2,8.079941e1
8.774776e0,1.073770e2,6.756128e2,8.096936e1
8.791459e0,1.053623e2,6.758472e2,8.113911e1
8.808141e0,1.033622e2,6.760531e2,8.130733e1
8.824823e0,1.012948e2,6.763932e2,8.148284e1
8.841505e0,9.936482e1,6.768314e2,8.164814e1
8.858187e0,9.745017e1,6.769713e2,8.180853e1
8.874869e0,9.532410e1,6.772724e2,8.198841e1
8.891551e0,9.331618e1,6.776304e2,8.215914e1
8.908233e0,9.131541e1,6.778626e2,8.232783e1
8.924915e0,8.923560e1,6.780997e2,8.250315e1
8.941597e0,8.710860e1,6.782945e2,8.268196e1
8.958279e0,8.514731e1,6.786465e2,8.284868e1
8.974961e0,8.316745e1,6.788699e2,8.301557e1
8.991644e0,8.103212e1,6.790030e2,8.319452e1
9.008326e0,7.909937e1,6.792698e2,8.335796e1
9.025008e0,7.695147e1,6.795656e2,8.353956e1
9.041690e0,7.491501e1,6.797660e2,8.371098e1
9.058372e0,7.300518e1,6.800412e2,8.387253e1
9.075054e0,7.098474e1,6.801266e2,8.404162e1
9.091736e0,6.877503e1,6.801302e2,8.422586e1
9.108418e0,6.683042e1,6.802769e2,8.438926e1
9.125100e0,6.460054e1,6.806270e2,8.457811e1
9.141782e0,6.239313e1,6.808401e2,8.476396e1
9.158464e0,6.032634e1,6.809925e2,8.493762e1
9.175146e0,5.808054e1,6.809776e2,8.512504e1
9.191829e0,5.587284e1,6.810915e2,8.531028e1
9.208511e0,5.394945e1,6.812045e2,8.547179e1
9.225193e0,5.171533e1,6.813827e2,8.565971e1
9.241875e0,4.943701e1,6.816291e2,8.585173e1
9.258557e0,4.742166e1,6.817530e2,8.602100e1
9.275239e0,4.519551e1,6.818519e2,8.620778e1
9.291921e0,4.312396e1,6.819223e2,8.638150e1
9.308603e0,4.092384e1,6.820204e2,8.656615e1
9.325285e0,3.867274e1,6.820802e2,8.675490e1
9.341967e0,3.632346e1,6.820400e2,8.695147e1
9.358649e0,3.427937e1,6.820722e2,8.712287e1
9.375331e0,3.204127e1,6.820373e2,8.731029e1
9.392014e0,2.982280e1,6.819807e2,8.749607e1
9.408696e0,2.774423e1,6.823478e2,8.767164e1
9.425378e0,2.549750e1,6.825246e2,8.786056e1
9.442060e0,2.322054e1,6.825769e2,8.805161e1
9.458742e0,2.101690e1,6.826355e2,8.823654e1
9.475424e0,1.896875e1,6.826793e2,8.840840e1
9.492106e0,1.680738e1,6.828510e2,8.859003e1
9.508788e0,1.459597e1,6.828486e2,8.877548e1
9.525470e0,1.231570e1,6.828430e2,8.896673e1
9.542152e0,1.008400e1,6.828218e2,8.915391e1
9.558834e0,7.992265e0,6.828400e2,8.932942e1
9.575516e0,5.722153e0,6.827786e2,8.951983e1
9.592199e0,3.373365e0,6.828301e2,8.971695e1
9.608881e0,1.219222e0,6.828503e2,8.989770e1
9.625563e0,-1.001749e0,6.827413e2,9.008407e1
9.642245e0,-3.239150e0,6.827165e2,9.027184e1
9.658927e0,-5.408622e0,6.827514e2,9.045388e1
9.675609e0,-7.628659e0,6.826734e2,9.064024e1
9.692291e0,-9.873745e0,6.826387e2,9.082867e1
9.708973e0,-1.210800e1,6.825866e2,9.101623e1
9.725655e0,-1.433457e1,6.825543e2,9.120311e1
9.742337e0,-1.668488e1,6.825245e2,9.140036e1
9.759019e0,-1.891348e1,6.825106e2,9.158735e1
9.775702e0,-2.091111e1,6.824623e2,9.175503e1
9.792384e0,-2.311644e1,6.824905e2,9.193991e1
9.809066e0,-2.520144e1,6.821467e2,9.211579e1
9.825748e0,-2.729265e1,6.819631e2,9.229180e1
9.842430e0,-2.965612e1,6.819038e2,9.249023e1
9.859112e0,-3.180029e1,6.817367e2,9.267068e1
9.875794e0,-3.412964e1,6.815775e2,9.286666e1
9.892476e0,-3.614990e1,6.814313e2,9.303669e1
9.909158e0,-3.828724e1,6.814035e2,9.321600e1
9.925840e0,-4.064321e1,6.813107e2,9.341390e1
9.942522e0,-4.284091e1,6.812179e2,9.359852e1
9.959204e0,-4.483816e1,6.808427e2,9.376788e1
9.975887e0,-4.708350e1,6.805975e2,9.395740e1
9.992569e0,-4.934733e1,6.804254e2,9.414807e1
1.000925e1,-5.148286e1,6.803877e2,9.432715e1
1.002593e1,-5.362608e1,6.802134e2,9.450771e1
1.004261e1,-5.577259e1,6.798861e2,9.468960e1
1.005930e1,-5.778614e1,6.796271e2,9.485996e1
1.007598e1,-5.981185e1,6.795853e2,9.502977e1
1.009266e1,-6.198815e1,6.794096e2,9.521313e1
1.010934e1,-6.397950e1,6.791619e2,9.538159e1
1.012603e1,-6.593657e1,6.788114e2,9.554804e1
1.014271e1,-6.812569e1,6.786230e2,9.573261e1
1.015939e1,-7.007067e1,6.783077e2,9.589786e1
1.017607e1,-7.227799e1,6.781046e2,9.608409e1
1.019275e1,-7.440352e1,6.777929e2,9.626446e1
1.020944e1,-7.646456e1,6.775862e2,9.643850e1
1.022612e1,-7.861104e1,6.773536e2,9.661991e1
1.024280e1,-8.071358e1,6.771501e2,9.679736e1
1.025948e1,-8.268926e1,6.768023e2,9.696567e1
1.027616e1,-8.467433e1,6.765131e2,9.713421e1
1.029285e1,-8.670231e1,6.763563e2,9.730492e1
1.030953e1,-8.863925e1,6.760799e2,9.746931e1
1.032621e1,-9.057530e1,6.757599e2,9.763412e1
1.034289e1,-9.273046e1,6.753206e2,9.781857e1
1.035957e1,-9.458628e1,6.751051e2,9.797557e1
1.037626e1,-9.662926e1,6.747733e2,9.814950e1
1.039294e1,-9.864117e1,6.745468e2,9.831958e1
1.040962e1,-1.004884e2,6.741730e2,9.847777e1
1.042630e1,-1.024885e2,6.737729e2,9.864904e1
1.044298e1,-1.043713e2,6.735067e2,9.880888e1
1.045967e1,-1.063330e2,6.731194e2,9.897686e1
1.047635e1,-1.083035e2,6.726849e2,9.914623e1
1.049303e1,-1.100679e2,6.724786e2,9.929546e1
1.050971e1,-1.117901e2,6.722323e2,9.944170e1
1.052640e1,-1.137263e2,6.716870e2,9.960986e1
1.054308e1,-1.154703e2,6.714573e2,9.975769e1
1.055976e1,-1.172136e2,6.712665e2,9.990488e1
1.057644e1,-1.188380e2,6.708746e2,1.000451e2
1.059312e1,-1.202885e2,6.705767e2,1.001696e2
1.060981e1,-1.211536e2,6.704538e2,1.002430e2
1.062649e1,-1.218057e2,6.704481e2,1.002971e2
1.064317e1,-1.222971e2,6.704422e2,1.003378e2
1.065985e1,-1.224083e2,6.705135e2,1.003459e2
1.067653e1,-1.223327e2,6.706141e2,1.003382e2
1.069322e1,-1.219176e2,6.706454e2,1.003034e2
1.070990e1,-1.211181e2,6.707237e2,1.002361e2
1.072658e1,-1.199864e2,6.708761e2,1.001402e2
1.074326e1,-1.184523e2,6.712156e2,1.000082e2
1.075994e1,-1.169501e2,6.714401e2,9.988055e1
1.077663e1,-1.150643e2,6.717672e2,9.971964e1
1.079331e1,-1.132116e2,6.720610e2,9.956195e1
1.080999e1,-1.113532e2,6.724796e2,9.940207e1
1.082667e1,-1.095869e2,6.727302e2,9.925215e1
1.084335e1,-1.076165e2,6.729645e2,9.908548e1
1.086004e1,-1.058249e2,6.734658e2,9.893014e1
1.087672e1,-1.038389e2,6.737135e2,9.876200e1
1.089340e1,-1.019152e2,6.739902e2,9.859865e1
1.091008e1,-9.998150e1,6.742582e2,9.843457e1
1.092677e1,-9.797971e1,6.747900e2,9.826163e1
1.094345e1,-9.598867e1,6.749369e2,9.809425e1
1.096013e1,-9.407734e1,6.753151e2,9.793077e1
1.097681e1,-9.199456e1,6.756605e2,9.775343e1
1.099349e1,-8.998788e1,6.759066e2,9.758357e1
1.101018e1,-8.801708e1,6.761473e2,9.741674e1
1.102686e1,-8.596016e1,6.763664e2,9.724295e1
1.104354e1,-8.390755e1,6.766997e2,9.706833e1
1.106022e1,-8.190987e1,6.769105e2,9.689956e1
1.107690e1,-7.982891e1,6.771366e2,9.672367e1
1.109359e1,-7.778899e1,6.774966e2,9.654992e1
1.111027e1,-7.576339e1,6.776836e2,9.637904e1
1.112695e1,-7.376741e1,6.779017e2,9.621033e1
1.114363e1,-7.172543e1,6.781034e2,9.603793e1
1.116031e1,-6.971147e1,6.782879e2,9.586801e1
1.117700e1,-6.768665e1,6.786327e2,9.569583e1
1.119368e1,-6.553111e1,6.788593e2,9.551375e1
1.121036e1,-6.358350e1,6.790871e2,9.534906e1
1.122704e1,-6.148506e1,6.791789e2,9.517280e1
1.124372e1,-5.938682e1,6.792781e2,9.499646e1
1.126041e1,-5.728669e1,6.797097e2,9.481757e1
1.127709e1,-5.517257e1,6.798901e2,9.463934e1
1.129377e1,-5.288377e1,6.799214e2,9.444747e1
1.131045e1,-5.081925e1,6.801261e2,9.427322e1
1.132714e1,-4.873547e1,6.803085e2,9.409752e1
1.134382e1,-4.646971e1,6.806271e2,9.390580e1
1.136050e1,-4.449133e1,6.807356e2,9.373940e1
1.137718e1,-4.245928e1,6.808776e2,9.356832e1
1.139386e1,-4.015363e1,6.809616e2,9.337460e1
1.141055e1,-3.798315e1,6.810712e2,9.319206e1
1.142723e1,-3.585393e1,6.812187e2,9.301281e1
1.144391e1,-3.365177e1,6.813749e2,9.282743e1
1.146059e1,-3.149134e1,6.815624e2,9.264545e1
1.147727e1,-2.935275e1,6.816976e2,9.246554e1
1.149396e1,-2.713784e1,6.817862e2,9.227940e1
1.151064e1,-2.480842e1,6.818947e2,9.208359e1
1.152732e1,-2.265041e1,6.819231e2,9.190241e1
1.154400e1,-2.047192e1,6.819285e2,9.171954e1
1.156068e1,-1.834232e1,6.820594e2,9.154046e1
1.157737e1,-1.620332e1,6.821007e2,9.136081e1
1.159405e1,-1.391360e1,6.820967e2,9.116857e1
1.161073e1,-1.178792e1,6.821233e2,9.099004e1
1.162741e1,-9.607047e0,6.823554e2,9.080663e1
1.164409e1,-7.338414e0,6.825051e2,9.061603e1
1.166078e1,-5.265396e0,6.824970e2,9.044202e1
1.167746e1,-3.166641e0,6.826582e2,9.026578e1
1.169414e1,-6.748980e-1,6.826972e2,9.005664e1
1.171082e1,1.527514e0,6.827142e2,8.987181e1
1.172751e1,3.597930e0,6.827692e2,8.969808e1
1.174419e1,5.891076e0,6.827645e2,8.950565e1
1.176087e1,8.233089e0,6.828119e2,8.930918e1
1.177755e1,1.038467e1,6.827926e2,8.912865e1
1.179423e1,1.251429e1,6.827835e2,8.894998e1
1.181092e1,1.464669e1,6.827774e2,8.877110e1
1.182760e1,1.679794e1,6.826984e2,8.859051e1
1.184428e1,1.915801e1,6.827124e2,8.839261e1
1.186096e1,2.138307e1,6.827347e2,8.820610e1
1.187764e1,2.359326e1,6.827522e2,8.802087e1
1.189433e1,2.580997e1,6.825601e2,8.783448e1
1.191101e1,2.814094e1,6.825589e2,8.763911e1
1.192769e1,3.035625e1,6.826319e2,8.745377e1
1.194437e1,3.260285e1,6.826276e2,8.726559e1
1.196105e1,3.462127e1,6.825614e2,8.709630e1
1.197774e1,3.669943e1,6.824864e2,8.692199e1
1.199442e1,3.890801e1,6.825232e2,8.673732e1
1.201110e1,4.119841e1,6.823164e2,8.654466e1
1.202778e1,4.320273e1,6.822965e2,8.637689e1
1.204447e1,4.545373e1,6.822295e2,8.618829e1
1.206115e1,4.752753e1,6.819689e2,8.601341e1
1.207783e1,4.958901e1,6.818068e2,8.584010e1
1.209451e1,5.181368e1,6.816729e2,8.565333e1
1.211119e1,5.416408e1,6.815881e2,8.545640e1
1.212788e1,5.629601e1,6.814527e2,8.527742e1
1.214456e1,5.843643e1,6.813250e2,8.509781e1
1.216124e1,6.052780e1,6.812804e2,8.492293e1
1.217792e1,6.263483e1,6.811922e2,8.474649e1
1.219460e1,6.480329e1,6.808498e2,8.456297e1
1.221129e1,6.693837e1,6.805988e2,8.438290e1
1.222797e1,6.907478e1,6.804750e2,8.420378e1
1.224465e1,7.117850e1,6.803613e2,8.402752e1
1.226133e1,7.324721e1,6.801030e2,8.385293e1
1.227801e1,7.533553e1,6.798768e2,8.367699e1
1.229470e1,7.741119e1,6.796352e2,8.350195e1
1.231138e1,7.951354e1,6.794095e2,8.332485e1
1.232806e1,8.149835e1,6.792014e2,8.315771e1
1.234474e1,8.370992e1,6.788730e2,8.297050e1
1.236142e1,8.560590e1,6.786311e2,8.281040e1
1.237811e1,8.754189e1,6.784142e2,8.264724e1
1.239479e1,8.960696e1,6.781181e2,8.247251e1
1.241147e1,9.169259e1,6.778506e2,8.229638e1
1.242815e1,9.348008e1,6.775583e2,8.214471e1
1.244484e1,9.543090e1,6.773321e2,8.198025e1
1.246152e1,9.752002e1,6.771314e2,8.180465e1
1.247820e1,9.941140e1,6.767931e2,8.164381e1
1.249488e1,1.014300e2,6.765468e2,8.147354e1
1.251156e1,1.034457e2,6.763094e2,8.130366e1
1.252825e1,1.054802e2,6.761939e2,8.113383e1
1.254493e1,1.074898e2,6.756833e2,8.096095e1
1.256161e1,1.093913e2,6.753468e2,8.079925e1
1.257829e1,1.113390e2,6.751071e2,8.063505e1
1.259497e1,1.133421e2,6.747753e2,8.046503e1
1.261166e1,1.153187e2,6.743528e2,8.029591e1
1.262834e1,1.171580e2,6.741030e2,8.014057e1
1.264502e1,1.191659e2,6.738003e2,7.997058e1
1.266170e1,1.210683e2,6.735015e2,7.980937e1
1.267838e1,1.228028e2,6.731462e2,7.966117e1
1.269507e1,1.242959e2,6.728628e2,7.953391e1
1.271175e1,1.254149e2,6.726869e2,7.943910e1
1.272843e1,1.261201e2,6.725494e2,7.937894e1
1.274511e1,1.266317e2,6.725822e2,7.933735e1
1.276179e1,1.267029e2,6.726509e2,7.933256e1
1.277848e1,1.266449e2,6.726998e2,7.933809e1
1.279516e1,1.262594e2,6.727061e2,7.936990e1
1.281184e1,1.255537e2,6.727243e2,7.942825e1
1.282852e1,1.245961e2,6.730755e2,7.951243e1
1.284521e1,1.232727e2,6.730983e2,7.962174e1
1.286189e1,1.218088e2,6.734061e2,7.974694e1
1.287857e1,1.199786e2,6.737367e2,7.990266e1
1.289525e1,1.181105e2,6.740809e2,8.006168e1
1.291193e1,1.162004e2,6.742985e2,8.022237e1
1.292862e1,1.142456e2,6.746675e2,8.038892e1
1.294530e1,1.123370e2,6.750455e2,8.055176e1
1.296198e1,1.103785e2,6.752565e2,8.071644e1
1.297866e1,1.083381e2,6.755904e2,8.088958e1
1.299534e1,1.062951e2,6.759041e2,8.106266e1
1.301203e1,1.042920e2,6.761040e2,8.123099e1
1.302871e1,1.024330e2,6.763387e2,8.138787e1
1.304539e1,1.003972e2,6.766693e2,8.156061e1
1.306207e1,9.833778e1,6.770908e2,8.173638e1
1.307875e1,9.632373e1,6.772576e2,8.190533e1
1.309544e1,9.431522e1,6.776285e2,8.207623e1
1.311212e1,9.225408e1,6.778795e2,8.225011e1
1.312880e1,9.023010e1,6.781323e2,8.242093e1
1.314548e1,8.818019e1,6.781299e2,8.259115e1
1.316216e1,8.612595e1,6.784248e2,8.276501e1
1.317885e1,8.414482e1,6.787339e2,8.293292e1
1.319553e1,8.197842e1,6.790437e2,8.311621e1
1.321221e1,8.008443e1,6.790458e2,8.327379e1
1.322889e1,7.800545e1,6.792677e2,8.344899e1
1.324558e1,7.594021e1,6.796343e2,8.362439e1
1.326226e1,7.400688e1,6.798669e2,8.378753e1
1.327894e1,7.202489e1,6.799180e2,8.395311e1
1.329562e1,6.999884e1,6.801488e2,8.412398e1
1.331230e1,6.780219e1,6.802775e2,8.430822e1
1.332899e1,6.578757e1,6.805727e2,8.447866e1
1.334567e1,6.357848e1,6.807492e2,8.466435e1
1.336235e1,6.132882e1,6.810073e2,8.485405e1
1.337903e1,5.925408e1,6.809775e2,8.502703e1
1.339571e1,5.699285e1,6.812124e2,8.521755e1
1.341240e1,5.494592e1,6.812752e2,8.538899e1
1.342908e1,5.290179e1,6.815574e2,8.556166e1
1.344576e1,5.072751e1,6.816445e2,8.574393e1
1.346244e1,4.853293e1,6.818433e2,8.592861e1
1.347912e1,4.634901e1,6.818837e2,8.611147e1
1.349581e1,4.412507e1,6.819745e2,8.629801e1
1.351249e1,4.190944e1,6.820554e2,8.648384e1
1.352917e1,3.996658e1,6.820142e2,8.664626e1
1.354585e1,3.769187e1,6.820632e2,8.683696e1
1.356253e1,3.526561e1,6.821485e2,8.704057e1
1.357922e1,3.318971e1,6.821015e2,8.721430e1
1.359590e1,3.098343e1,6.822524e2,8.739979e1
1.361258e1,2.877564e1,6.824608e2,8.758558e1
1.362926e1,2.668297e1,6.825601e2,8.776131e1
1.364595e1,2.440832e1,6.826190e2,8.795215e1
1.366263e1,2.223198e1,6.827088e2,8.813486e1
1.367931e1,2.000995e1,6.827114e2,8.832117e1
1.369599e1,1.780747e1,6.827169e2,8.850588e1
1.371267e1,1.569339e1,6.828082e2,8.868337e1
1.372936e1,1.339121e1,6.827935e2,8.887644e1
1.374604e1,1.119567e1,6.827877e2,8.906061e1
1.376272e1,8.910660e0,6.827658e2,8.925229e1
1.377940e1,6.894881e0,6.827816e2,8.942143e1
1.379608e1,4.666208e0,6.827934e2,8.960845e1
1.381277e1,2.285715e0,6.827635e2,8.980819e1
1.382945e1,9.417763e-2,6.827631e2,8.999210e1
1.384613e1,-2.005862e0,6.827133e2,9.016834e1
1.386281e1,-4.191058e0,6.826841e2,9.035174e1
1.387949e1,-6.341952e0,6.826669e2,9.053226e1
1.389618e1,-8.646249e0,6.826656e2,9.072564e1
1.391286e1,-1.096321e1,6.826112e2,9.092013e1
1.392954e1,-1.316233e1,6.825883e2,9.110470e1
1.394622e1,-1.535301e1,6.825635e2,9.128855e1
1.396290e1,-1.774278e1,6.824604e2,9.148926e1
1.397959e1,-1.980277e1,6.823700e2,9.166229e1
1.399627e1,-2.202288e1,6.821362e2,9.184916e1
1.401295e1,-2.426197e1,6.820495e2,9.203728e1
1.402963e1,-2.651806e1,6.819187e2,9.222696e1
1.404632e1,-2.877046e1,6.816753e2,9.241676e1
1.406300e1,-3.098328e1,6.816762e2,9.260239e1
1.407968e1,-3.291809e1,6.816533e2,9.276475e1
1.409636e1,-3.512258e1,6.815429e2,9.295007e1
1.411304e1,-3.733517e1,6.814044e2,9.313619e1
1.412973e1,-3.958499e1,6.813758e2,9.332490e1
1.414641e1,-4.175877e1,6.811804e2,9.350804e1
1.416309e1,-4.413199e1,6.809525e2,9.370811e1
1.417977e1,-4.607069e1,6.806979e2,9.387196e1
1.419645e1,-4.817548e1,6.806851e2,9.404836e1
1.421314e1,-5.035782e1,6.804166e2,9.423276e1
1.422982e1,-5.256219e1,6.802333e2,9.441851e1
1.424650e1,-5.465118e1,6.798893e2,9.459570e1
1.426318e1,-5.681339e1,6.797132e2,9.477792e1
1.427986e1,-5.887027e1,6.795155e2,9.495149e1
1.429655e1,-6.095478e1,6.794480e2,9.512641e1
1.431323e1,-6.299591e1,6.791971e2,9.529906e1
1.432991e1,-6.497058e1,6.788397e2,9.546703e1
1.434659e1,-6.706516e1,6.786003e2,9.564414e1
1.436327e1,-6.911246e1,6.784270e2,9.581675e1
1.437996e1,-7.113721e1,6.782623e2,9.598738e1
1.439664e1,-7.320293e1,6.780521e2,9.616182e1
1.441332e1,-7.523370e1,6.777096e2,9.633457e1
1.443000e1,-7.712039e1,6.775564e2,9.649354e1
1.444669e1,-7.899434e1,6.772511e2,9.665290e1
1.446337e1,-8.104338e1,6.770045e2,9.682632e1
1.448005e1,-8.299424e1,6.767110e2,9.699204e1
1.449673e1,-8.490882e1,6.765090e2,9.715380e1
1.451341e1,-8.694135e1,6.762717e2,9.732575e1
1.453010e1,-8.894309e1,6.760796e2,9.749463e1
1.454678e1,-9.089966e1,6.757634e2,9.766110e1
1.456346e1,-9.290502e1,6.754441e2,9.783170e1
1.458014e1,-9.491033e1,6.750776e2,9.800286e1
1.459682e1,-9.673426e1,6.747577e2,9.815842e1
1.461351e1,-9.869832e1,6.745347e2,9.832448e1
1.463019e1,-1.006697e2,6.741389e2,9.849326e1
1.464687e1,-1.025521e2,6.737263e2,9.865491e1
1.466355e1,-1.046261e2,6.735113e2,9.883000e1
1.468023e1,-1.065427e2,6.731664e2,9.899366e1
1.469692e1,-1.084520e2,6.726777e2,9.915866e1
1.471360e1,-1.103705e2,6.724948e2,9.932035e1
1.473028e1,-1.122281e2,6.722273e2,9.947809e1
1.474696e1,-1.139188e2,6.717475e2,9.962497e1
1.476364e1,-1.158167e2,6.713346e2,9.978815e1
1.478033e1,-1.175369e2,6.711638e2,9.993314e1
1.479701e1,-1.190159e2,6.706353e2,1.000634e2
1.481369e1,-1.201875e2,6.704503e2,1.001631e2
1.483037e1,-1.207683e2,6.704216e2,1.002116e2
1.484706e1,-1.214622e2,6.703957e2,1.002694e2
1.486374e1,-1.217132e2,6.704071e2,1.002900e2
1.488042e1,-1.217321e2,6.704706e2,1.002906e2
1.489710e1,-1.214223e2,6.705857e2,1.002633e2
1.491378e1,-1.208015e2,6.707192e2,1.002099e2
1.493047e1,-1.199690e2,6.708519e2,1.001391e2
1.494715e1,-1.187615e2,6.710122e2,1.000368e2
1.496383e1,-1.170290e2,6.713227e2,9.988877e1
1.498051e1,-1.152663e2,6.717109e2,9.973718e1
1.499719e1,-1.136901e2,6.719541e2,9.960311e1
1.501388e1,-1.117461e2,6.722000e2,9.943850e1
1.503056e1,-1.099426e2,6.725884e2,9.928357e1
1.504724e1,-1.081395e2,6.728489e2,9.913043e1
1.506392e1,-1.060903e2,6.731329e2,9.895653e1
1.508060e1,-1.041423e2,6.734336e2,9.879080e1
1.509729e1,-1.022716e2,6.737838e2,9.863087e1
1.511397e1,-1.005058e2,6.740034e2,9.848132e1
1.513065e1,-9.867465e1,6.742299e2,9.832622e1
1.514733e1,-9.669656e1,6.746238e2,9.815688e1
1.516401e1,-9.479200e1,6.748735e2,9.799540e1
1.518070e1,-9.283448e1,6.750858e2,9.782992e1
1.519738e1,-9.080606e1,6.754358e2,9.765697e1
1.521406e1,-8.881241e1,6.757362e2,9.748750e1
1.523074e1,-8.691685e1,6.759971e2,9.732665e1
1.524743e1,-8.501631e1,6.762458e2,9.716552e1
1.526411e1,-8.272445e1,6.764782e2,9.697191e1
1.528079e1,-8.088372e1,6.768282e2,9.681476e1
1.529747e1,-7.886645e1,6.770473e2,9.664421e1
1.531415e1,-7.662066e1,6.772880e2,9.645435e1
1.533084e1,-7.467452e1,6.776501e2,9.628841e1
1.534752e1,-7.268327e1,6.778423e2,9.612029e1
1.536420e1,-7.050482e1,6.780883e2,9.593605e1
1.538088e1,-6.854880e1,6.783135e2,9.577059e1
1.539756e1,-6.664095e1,6.786473e2,9.560828e1
1.541425e1,-6.455824e1,6.788005e2,9.543285e1
1.543093e1,-6.249513e1,6.790472e2,9.525832e1
1.544761e1,-6.045485e1,6.792617e2,9.508597e1
1.546429e1,-5.834798e1,6.796160e2,9.490706e1
1.548097e1,-5.613155e1,6.797505e2,9.472059e1
1.549766e1,-5.393341e1,6.799819e2,9.453498e1
1.551434e1,-5.179602e1,6.802199e2,9.435444e1
1.553102e1,-4.971149e1,6.801031e2,9.418055e1
1.554770e1,-4.764116e1,6.803395e2,9.400563e1
1.556438e1,-4.538101e1,6.806389e2,9.381450e1
1.558107e1,-4.331502e1,6.808595e2,9.364015e1
1.559775e1,-4.140766e1,6.808579e2,9.348026e1
1.561443e1,-3.907138e1,6.810222e2,9.328356e1
1.563111e1,-3.698481e1,6.811389e2,9.310802e1
1.564780e1,-3.485566e1,6.811696e2,9.292929e1
1.566448e1,-3.260399e1,6.811211e2,9.274055e1
1.568116e1,-3.044843e1,6.813993e2,9.255857e1
1.569784e1,-2.821231e1,6.815909e2,9.237023e1
1.571452e1,-2.585383e1,6.817432e2,9.217179e1
1.573121e1,-2.374879e1,6.819546e2,9.199450e1
1.574789e1,-2.153114e1,6.819719e2,9.180833e1
1.576457e1,-1.921675e1,6.818499e2,9.161435e1
1.578125e1,-1.701721e1,6.819977e2,9.142935e1
1.579793e1,-1.491924e1,6.820420e2,9.125311e1
1.581462e1,-1.263051e1,6.820999e2,9.106083e1
1.583130e1,-1.056665e1,6.820666e2,9.088756e1
1.584798e1,-8.461988e0,6.820388e2,9.071083e1
1.586466e1,-6.087952e0,6.820626e2,9.051140e1
1.588134e1,-3.882207e0,6.820855e2,9.032611e1
1.589803e1,-1.932461e0,6.821002e2,9.016232e1
1.591471e1,-2.726883e-1,6.821552e2,9.002290e1
1.593139e1,5.850461e-1,6.820759e2,8.995085e1
1.594807e1,1.163411e0,6.820338e2,8.990227e1
1.596475e1,1.498284e0,6.820069e2,8.987413e1
1.598144e1,1.431721e0,6.819737e2,8.987971e1
1.599812e1,1.154876e0,6.819239e2,8.990297e1
1.601480e1,1.169167e0,6.819180e2,8.990176e1
1.603148e1,1.207269e0,6.819032e2,8.989856e1
1.604817e1,1.223865e0,6.818950e2,8.989717e1
1.606485e1,1.232685e0,6.818795e2,8.989642e1
1.608153e1,1.238508e0,6.818782e2,8.989593e1
1.609821e1,1.243458e0,6.818723e2,8.989552e1
1.611489e1,1.247118e0,6.818661e2,8.989521e1
1.613158e1,1.249712e0,6.818703e2,8.989499e1
1.614826e1,1.253515e0,6.818724e2,8.989467e1
1.616494e1,1.251058e0,6.818977e2,8.989488e1
1.618162e1,1.249868e0,6.818927e2,8.989498e1
1.619830e1,1.245875e0,6.818855e2,8.989531e1
1.621499e1,1.243626e0,6.818805e2,8.989550e1
1.623167e1,1.240059e0,6.818672e2,8.989580e1
1.624835e1,1.236577e0,6.818540e2,8.989609e1
1.626503e1,1.239809e0,6.818599e2,8.989582e1
1.628171e1,1.245266e0,6.818627e2,8.989536e1
1.629840e1,1.243839e0,6.818590e2,8.989548e1
1.631508e1,1.243212e0,6.818572e2,8.989553e1
1.633176e1,1.253127e0,6.818648e2,8.989470e1
1.634844e1,1.254395e0,6.818678e2,8.989460e1
1.636512e1,1.254029e0,6.818708e2,8.989463e1
1.638181e1,1.254808e0,6.818723e2,8.989456e1
1.639849e1,1.254299e0,6.818719e2,8.989460e1
1.641517e1,1.254282e0,6.818713e2,8.989461e1
1.643185e1,1.254806e0,6.818713e2,8.989456e1
1.644854e1,1.255604e0,6.818709e2,8.989450e1
1.646522e1,1.256493e0,6.818717e2,8.989442e1
1.648190e1,1.257394e0,6.818713e2,8.989434e1
1.649858e1,1.257624e0,6.818716e2,8.989433e1
1.651526e1,1.257448e0,6.818707e2,8.989434e1
1.653195e1,1.259491e0,6.818734e2,8.989417e1
1.654863e1,1.260067e0,6.818744e2,8.989412e1
1.656531e1,1.258931e0,6.818740e2,8.989422e1
1.658199e1,1.257834e0,6.818733e2,8.989431e1
1.659867e1,1.258646e0,6.818767e2,8.989424e1
1.661536e1,1.259314e0,6.818784e2,8.989418e1
1.663204e1,1.260149e0,6.818805e2,8.989411e1
1.664872e1,1.261017e0,6.818837e2,8.989404e1
1.666540e1,1.273894e0,6.819007e2,8.989296e1
1.668208e1,1.284093e0,6.819181e2,8.989211e1
1.669877e1,1.284430e0,6.819199e2,8.989208e1
1.671545e1,1.282471e0,6.819218e2,8.989225e1
1.673213e1,1.277576e0,6.819197e2,8.989266e1
1.674881e1,1.278121e0,6.819155e2,8.989261e1
1.676549e1,1.270596e0,6.819240e2,8.989324e1
1.678218e1,1.263376e0,6.819311e2,8.989385e1
1.679886e1,1.270192e0,6.819290e2,8.989328e1
1.681554e1,1.275272e0,6.819157e2,8.989285e1
1.683222e1,1.276640e0,6.819252e2,8.989274e1
1.684891e1,1.277590e0,6.819243e2,8.989266e1
1.686559e1,1.272227e0,6.819069e2,8.989310e1
1.688227e1,1.271311e0,6.819008e2,8.989318e1
1.689895e1,1.267666e0,6.819187e2,8.989349e1
1.691563e1,1.268619e0,6.819147e2,8.989341e1
1.693232e1,1.262154e0,6.819081e2,8.989395e1
1.694900e1,1.256551e0,6.819021e2,8.989442e1
1.696568e1,1.257619e0,6.819012e2,8.989433e1
1.698236e1,1.253217e0,6.818987e2,8.989470e1
1.699904e1,1.255245e0,6.818965e2,8.989453e1
1.701573e1,1.256217e0,6.818956e2,8.989445e1
1.703241e1,1.255329e0,6.818942e2,8.989452e1
1.704909e1,1.255093e0,6.818937e2,8.989454e1
1.706577e1,1.256560e0,6.818953e2,8.989442e1
1.708245e1,1.257065e0,6.818954e2,8.989438e1
1.709914e1,1.258413e0,6.818964e2,8.989426e1
1.711582e1,1.258859e0,6.818967e2,8.989423e1
1.713250e1,1.259795e0,6.818958e2,8.989415e1
1.714918e1,1.261121e0,6.818948e2,8.989404e1
1.716586e1,1.261104e0,6.818920e2,8.989404e1
1.718255e1,1.261947e0,6.818894e2,8.989396e1
1.719923e1,1.263789e0,6.818872e2,8.989381e1
1.721591e1,1.264768e0,6.818863e2,8.989373e1
1.723259e1,1.263258e0,6.818875e2,8.989385e1
1.724928e1,1.261575e0,6.818889e2,8.989400e1
1.726596e1,1.257397e0,6.818882e2,8.989435e1
1.728264e1,1.254022e0,6.818879e2,8.989463e1
1.729932e1,1.252004e0,6.818758e2,8.989480e1
1.731600e1,1.251250e0,6.818846e2,8.989486e1
1.733269e1,1.260922e0,6.818933e2,8.989405e1
1.734937e1,1.264229e0,6.818980e2,8.989377e1
1.736605e1,1.265696e0,6.818986e2,8.989365e1
1.738273e1,1.266758e0,6.819004e2,8.989356e1
1.739941e1,1.263767e0,6.818510e2,8.989381e1
1.741610e1,1.257782e0,6.819122e2,8.989432e1
1.743278e1,1.258398e0,6.819013e2,8.989427e1
1.744946e1,1.259308e0,6.819013e2,8.989419e1
1.746614e1,1.260458e0,6.818974e2,8.989409e1
1.748282e1,1.261090e0,6.818944e2,8.989404e1
1.749951e1,1.263007e0,6.818355e2,8.989387e1
1.751619e1,1.270561e0,6.817726e2,8.989322e1
1.753287e1,1.254234e0,6.819266e2,8.989462e1
1.754955e1,1.256354e0,6.818935e2,8.989444e1
1.756623e1,1.255349e0,6.818973e2,8.989452e1
1.758292e1,1.254832e0,6.819007e2,8.989456e1
1.759960e1,1.243832e0,6.818302e2,8.989548e1
1.761628e1,1.255845e0,6.819025e2,8.989448e1
1.763296e1,1.250861e0,6.818674e2,8.989489e1
1.764965e1,1.246182e0,6.818413e2,8.989528e1
1.766633e1,1.233637e0,6.819225e2,8.989635e1
1.768301e1,1.243551e0,6.819106e2,8.989551e1
1.769969e1,1.242168e0,6.819027e2,8.989563e1
1.771637e1,1.240409e0,6.818967e2,8.989578e1
1.773306e1,1.240113e0,6.819121e2,8.989580e1
1.774974e1,1.241842e0,6.819213e2,8.989566e1
1.776642e1,1.234933e0,6.819836e2,8.989625e1
1.778310e1,1.233045e0,6.820190e2,8.989641e1
1.779978e1,1.236935e0,6.819838e2,8.989608e1
1.781647e1,1.243290e0,6.819558e2,8.989554e1
1.783315e1,1.245228e0,6.819436e2,8.989538e1
1.784983e1,1.245608e0,6.819345e2,8.989534e1
1.786651e1,1.246233e0,6.819265e2,8.989529e1
1.788319e1,1.247643e0,6.819214e2,8.989517e1
1.789988e1,1.235829e0,6.819185e2,8.989616e1
1.791656e1,1.227255e0,6.819146e2,8.989688e1
1.793324e1,1.207128e0,6.819117e2,8.989857e1
1.794992e1,1.190779e0,6.819074e2,8.989995e1
1.796660e1,1.189368e0,6.819004e2,8.990007e1
1.798329e1,1.270594e0,6.818884e2,8.989324e1
1.799997e1,1.188510e0,6.818304e2,8.990013e1
1.801665e1,1.320490e0,6.816915e2,8.988901e1
1.803333e1,1.274058e0,6.817002e2,8.989292e1
