,mass A,,,
t,x,y,θr,
0.000000e0,8.007375e-1,6.833117e2,8.993286e1
1.666667e-2,7.813673e-1,6.833155e2,8.993448e1
3.333333e-2,7.676143e-1,6.833170e2,8.993564e1
5.000000e-2,7.577250e-1,6.833203e2,8.993647e1
6.666667e-2,7.492363e-1,6.833212e2,8.993718e1
8.333333e-2,7.456461e-1,6.833248e2,8.993748e1
1.000000e-1,7.407040e-1,6.833228e2,8.993789e1
1.166667e-1,7.358548e-1,6.833197e2,8.993830e1
1.333333e-1,7.327647e-1,6.833176e2,8.993856e1
1.500000e-1,7.272216e-1,6.833086e2,8.993902e1
1.666667e-1,7.234675e-1,6.833006e2,8.993934e1
1.833333e-1,7.213844e-1,6.832986e2,8.993951e1
2.000000e-1,7.197720e-1,6.832970e2,8.993965e1
2.166667e-1,7.775249e-1,6.832889e2,8.993480e1
2.333333e-1,8.293359e-1,6.832836e2,8.993046e1
2.500000e-1,1.411548e0,6.832971e2,8.988164e1
2.666667e-1,2.558512e0,6.833097e2,8.978547e1
2.833333e-1,4.046803e0,6.833148e2,8.966068e1
3.000000e-1,5.768648e0,6.833015e2,8.951630e1
3.166667e-1,7.809259e0,6.832888e2,8.934520e1
3.333333e-1,1.035253e1,6.832734e2,8.913196e1
3.500000e-1,1.317667e1,6.832876e2,8.889523e1
3.666667e-1,1.643660e1,6.832643e2,8.862196e1
3.833333e-1,2.014486e1,6.831910e2,8.831104e1
4.000000e-1,2.399897e1,6.831077e2,8.798791e1
4.166667e-1,2.829671e1,6.831843e2,8.762823e1
4.333333e-1,3.313551e1,6.831253e2,8.722300e1
4.500000e-1,3.737158e1,6.829452e2,8.686783e1
4.666667e-1,4.166796e1,6.827127e2,8.650740e1
4.833333e-1,4.609128e1,6.823979e2,8.613593e1
5.000000e-1,5.036200e1,6.821499e2,8.577761e1
5.166667e-1,5.463411e1,6.818700e2,8.541902e1
5.333333e-1,5.911268e1,6.816205e2,8.504350e1
5.500000e-1,6.336532e1,6.810963e2,8.468483e1
5.666667e-1,6.753109e1,6.808709e2,8.433573e1
5.833333e-1,7.192446e1,6.805044e2,8.396664e1
6.000000e-1,7.599343e1,6.801118e2,8.362441e1
6.166667e-1,8.004327e1,6.796231e2,8.328288e1
6.333333e-1,8.436916e1,6.791238e2,8.291829e1
6.500000e-1,8.862980e1,6.786209e2,8.255913e1
6.666667e-1,9.239661e1,6.780971e2,8.224074e1
6.833333e-1,9.672973e1,6.775536e2,8.187517e1
7.000000e-1,1.007210e2,6.770519e2,8.153850e1
7.166667e-1,1.045265e2,6.765175e2,8.121687e1
7.333333e-1,1.086083e2,6.757223e2,8.086899e1
7.500000e-1,1.118201e2,6.752732e2,8.059758e1
7.666667e-1,1.147596e2,6.749206e2,8.035005e1
7.833333e-1,1.175108e2,6.743553e2,8.011509e1
8.000000e-1,1.197357e2,6.740272e2,7.992693e1
8.166667e-1,1.215765e2,6.738831e2,7.977318e1
8.333333e-1,1.233285e2,6.736393e2,7.962530e1
8.500000e-1,1.247001e2,6.732205e2,7.950609e1
8.666667e-1,1.257367e2,6.731355e2,7.941950e1
8.833333e-1,1.265091e2,6.730658e2,7.935492e1
9.000000e-1,1.267749e2,6.731140e2,7.933380e1
9.166667e-1,1.267581e2,6.731506e2,7.933576e1
9.333333e-1,1.265721e2,6.731854e2,7.935158e1
9.500000e-1,1.261408e2,6.733195e2,7.938911e1
9.666667e-1,1.250789e2,6.734150e2,7.947789e1
9.833333e-1,1.237519e2,6.736268e2,7.959027e1
1.000000e0,1.223008e2,6.738872e2,7.971361e1
1.016667e0,1.205636e2,6.742414e2,7.986187e1
1.033333e0,1.183044e2,6.745035e2,8.005181e1
1.050000e0,1.158103e2,6.749648e2,8.026401e1
1.066667e0,1.129675e2,6.754569e2,8.050538e1
1.083333e0,1.096102e2,6.759771e2,8.078961e1
1.100000e0,1.060262e2,6.764974e2,8.109260e1
1.116667e0,1.022099e2,6.770026e2,8.141465e1
1.133333e0,9.808408e1,6.775145e2,8.176249e1
1.150000e0,9.401476e1,6.780426e2,8.210592e1
1.166667e0,9.001668e1,6.785231e2,8.244295e1
1.183333e0,8.572824e1,6.790364e2,8.280448e1
1.200000e0,8.151940e1,6.795662e2,8.315960e1
1.216667e0,7.748085e1,6.799074e2,8.349874e1
1.233333e0,7.330916e1,6.804153e2,8.385057e1
1.250000e0,6.916502e1,6.806972e2,8.419814e1
1.266667e0,6.484600e1,6.811009e2,8.456140e1
1.283333e0,6.049376e1,6.814340e2,8.492691e1
1.300000e0,5.629291e1,6.816227e2,8.527885e1
1.316667e0,5.196379e1,6.819521e2,8.564256e1
1.333333e0,4.766405e1,6.822607e2,8.600370e1
1.350000e0,4.338318e1,6.824896e2,8.636283e1
1.366667e0,3.921478e1,6.826906e2,8.671246e1
1.383333e0,3.479261e1,6.826226e2,8.708221e1
1.400000e0,3.021957e1,6.828265e2,8.746594e1
1.416667e0,2.609188e1,6.831846e2,8.781285e1
1.433333e0,2.154827e1,6.831879e2,8.819345e1
1.450000e0,1.707236e1,6.832560e2,8.856866e1
1.466667e0,1.293103e1,6.834052e2,8.891601e1
1.483333e0,8.194711e0,6.833621e2,8.931296e1
1.500000e0,3.616658e0,6.833381e2,8.969676e1
1.516667e0,-6.506244e-1,6.833131e2,9.005455e1
1.533333e0,-4.965735e0,6.832990e2,9.041638e1
1.550000e0,-9.533504e0,6.831324e2,9.079954e1
1.566667e0,-1.388263e1,6.830918e2,9.116427e1
1.583333e0,-1.846502e1,6.829340e2,9.154877e1
1.600000e0,-2.298054e1,6.828685e2,9.192744e1
1.616667e0,-2.715835e1,6.826271e2,9.227831e1
1.633333e0,-3.166094e1,6.823160e2,9.265674e1
1.650000e0,-3.609688e1,6.821038e2,9.302926e1
1.666667e0,-4.023911e1,6.818543e2,9.337735e1
1.683333e0,-4.473789e1,6.814149e2,9.375633e1
1.700000e0,-4.902191e1,6.811534e2,9.411642e1
1.716667e0,-5.315476e1,6.809007e2,9.446376e1
1.733333e0,-5.746185e1,6.804222e2,9.482719e1
1.750000e0,-6.185188e1,6.799133e2,9.519790e1
1.766667e0,-6.600713e1,6.796747e2,9.554693e1
1.783333e0,-7.017735e1,6.790864e2,9.590005e1
1.800000e0,-7.460848e1,6.785453e2,9.627467e1
1.816667e0,-7.846055e1,6.779099e2,9.660198e1
1.833333e0,-8.228959e1,6.775327e2,9.692493e1
1.850000e0,-8.650123e1,6.767193e2,9.728430e1
1.866667e0,-9.018092e1,6.761551e2,9.759688e1
1.883333e0,-9.417187e1,6.755440e2,9.793598e1
1.900000e0,-9.830065e1,6.749593e2,9.828626e1
1.916667e0,-1.019864e2,6.743606e2,9.859991e1
1.933333e0,-1.056576e2,6.736732e2,9.891354e1
1.950000e0,-1.087799e2,6.731693e2,9.917928e1
1.966667e0,-1.113453e2,6.727352e2,9.939791e1
1.983333e0,-1.139076e2,6.720797e2,9.961938e1
2.000000e0,-1.160833e2,6.717800e2,9.980387e1
2.016667e0,-1.179751e2,6.713381e2,9.996690e1
2.033333e0,-1.195695e2,6.710456e2,1.001031e2
2.050000e0,-1.208515e2,6.707990e2,1.002129e2
2.066667e0,-1.216895e2,6.706606e2,1.002843e2
2.083333e0,-1.223274e2,6.703592e2,1.003416e2
2.100000e0,-1.225569e2,6.703341e2,1.003609e2
2.116667e0,-1.224845e2,6.703346e2,1.003549e2
2.133333e0,-1.222342e2,6.703377e2,1.003342e2
2.150000e0,-1.217424e2,6.703406e2,1.002935e2
2.166667e0,-1.209343e2,6.705658e2,1.002232e2
2.183333e0,-1.198006e2,6.707992e2,1.001259e2
2.200000e0,-1.183783e2,6.709972e2,1.000052e2
2.216667e0,-1.167001e2,6.713387e2,9.986130e1
2.233333e0,-1.144692e2,6.716130e2,9.967250e1
2.250000e0,-1.120789e2,6.722077e2,9.946599e1
2.266667e0,-1.094884e2,6.725825e2,9.924597e1
2.283333e0,-1.063800e2,6.730846e2,9.898122e1
2.300000e0,-1.026463e2,6.738630e2,9.866101e1
2.316667e0,-9.904871e1,6.744316e2,9.835488e1
2.333333e0,-9.517112e1,6.750077e2,9.802538e1
2.350000e0,-9.123832e1,6.756825e2,9.769021e1
2.366667e0,-8.736793e1,6.762906e2,9.736110e1
2.383333e0,-8.332260e1,6.768181e2,9.701833e1
2.400000e0,-7.916873e1,6.774040e2,9.666596e1
2.416667e0,-7.524350e1,6.779422e2,9.633323e1
2.433333e0,-7.114580e1,6.784760e2,9.598623e1
2.450000e0,-6.682963e1,6.789914e2,9.562122e1
2.466667e0,-6.301471e1,6.794847e2,9.529840e1
2.483333e0,-5.869519e1,6.799571e2,9.493365e1
2.500000e0,-5.415066e1,6.804315e2,9.455017e1
2.516667e0,-5.019129e1,6.806384e2,9.421744e1
2.533333e0,-4.587112e1,6.811191e2,9.385286e1
2.550000e0,-4.143772e1,6.813864e2,9.348009e1
2.566667e0,-3.728467e1,6.816216e2,9.313096e1
2.583333e0,-3.276363e1,6.818488e2,9.275101e1
2.600000e0,-2.818124e1,6.822005e2,9.236550e1
2.616667e0,-2.398004e1,6.823971e2,9.201260e1
2.633333e0,-1.967250e1,6.825118e2,9.165102e1
2.650000e0,-1.507202e1,6.826533e2,9.126480e1
2.666667e0,-1.085724e1,6.828118e2,9.091097e1
2.683333e0,-6.422602e0,6.829978e2,9.053877e1
2.700000e0,-1.889310e0,6.831104e2,9.015847e1
2.716667e0,2.337639e0,6.832140e2,8.980396e1
2.733333e0,6.896907e0,6.832911e2,8.942170e1
2.750000e0,1.143571e1,6.832094e2,8.904106e1
2.766667e0,1.573113e1,6.832185e2,8.868100e1
2.783333e0,1.998561e1,6.832292e2,8.832448e1
2.800000e0,2.463010e1,6.831165e2,8.793507e1
2.816667e0,2.890179e1,6.828575e2,8.757642e1
2.833333e0,3.336739e1,6.829456e2,8.720286e1
2.850000e0,3.789019e1,6.828150e2,8.682385e1
2.866667e0,4.209296e1,6.826920e2,8.647176e1
2.883333e0,4.626799e1,6.824069e2,8.612121e1
2.900000e0,5.084799e1,6.821612e2,8.573708e1
2.916667e0,5.505299e1,6.819307e2,8.538446e1
2.933333e0,5.928517e1,6.814896e2,8.502816e1
2.950000e0,6.366128e1,6.811629e2,8.466066e1
2.966667e0,6.788488e1,6.808824e2,8.430635e1
2.983333e0,7.199446e1,6.804837e2,8.396063e1
3.000000e0,7.635221e1,6.801759e2,8.359515e1
3.016667e0,8.046638e1,6.797862e2,8.324930e1
3.033333e0,8.474151e1,6.792625e2,8.288880e1
3.050000e0,8.896889e1,6.787140e2,8.253199e1
3.066667e0,9.289014e1,6.781438e2,8.220033e1
3.083333e0,9.678469e1,6.777243e2,8.187264e1
3.100000e0,1.009300e2,6.770328e2,8.152096e1
3.116667e0,1.048363e2,6.764648e2,8.119057e1
3.133333e0,1.085846e2,6.759933e2,8.087455e1
3.150000e0,1.118738e2,6.755059e2,8.059633e1
3.166667e0,1.148142e2,6.750101e2,8.034680e1
3.183333e0,1.173308e2,6.745032e2,8.013206e1
3.200000e0,1.198596e2,6.742036e2,7.991930e1
3.216667e0,1.216231e2,6.739576e2,7.977045e1
3.233333e0,1.231138e2,6.735793e2,7.964207e1
3.250000e0,1.244943e2,6.733942e2,7.952566e1
3.266667e0,1.254875e2,6.732645e2,7.944198e1
3.283333e0,1.262933e2,6.730699e2,7.937272e1
3.300000e0,1.266504e2,6.731077e2,7.934394e1
3.316667e0,1.266648e2,6.731511e2,7.934343e1
3.333333e0,1.265354e2,6.732053e2,7.935491e1
3.350000e0,1.259799e2,6.732061e2,7.940059e1
3.366667e0,1.250033e2,6.734040e2,7.948394e1
3.383333e0,1.238197e2,6.736190e2,7.958457e1
3.400000e0,1.222032e2,6.738392e2,7.972092e1
3.416667e0,1.204353e2,6.741785e2,7.987152e1
3.433333e0,1.182990e2,6.746193e2,8.005393e1
3.450000e0,1.157309e2,6.750176e2,8.027130e1
3.466667e0,1.127910e2,6.754222e2,8.051946e1
3.483333e0,1.096934e2,6.758169e2,8.078059e1
3.500000e0,1.059168e2,6.765286e2,8.110205e1
3.516667e0,1.020587e2,6.770330e2,8.142755e1
3.533333e0,9.799758e1,6.775166e2,8.176968e1
3.550000e0,9.383282e1,6.780556e2,8.212116e1
3.566667e0,8.972453e1,6.785662e2,8.246767e1
3.583333e0,8.566031e1,6.790419e2,8.281019e1
3.600000e0,8.141872e1,6.795262e2,8.316757e1
3.616667e0,7.743724e1,6.799633e2,8.350289e1
3.633333e0,7.330344e1,6.803659e2,8.385060e1
3.650000e0,6.888175e1,6.808851e2,8.422332e1
3.666667e0,6.479202e1,6.813753e2,8.456807e1
3.683333e0,6.061287e1,6.815871e2,8.491811e1
3.700000e0,5.608424e1,6.818140e2,8.529759e1
3.716667e0,5.173971e1,6.821914e2,8.566280e1
3.733333e0,4.749896e1,6.824094e2,8.601836e1
3.750000e0,4.317611e1,6.825963e2,8.638070e1
3.766667e0,3.873580e1,6.827677e2,8.675289e1
3.783333e0,3.438166e1,6.829555e2,8.711802e1
3.800000e0,2.992432e1,6.832050e2,8.749205e1
3.816667e0,2.572539e1,6.832743e2,8.784382e1
3.833333e0,2.129613e1,6.833263e2,8.821493e1
3.850000e0,1.682485e1,6.834055e2,8.858971e1
3.866667e0,1.250032e1,6.834715e2,8.895221e1
3.883333e0,8.309181e0,6.834117e2,8.930341e1
3.900000e0,3.667624e0,6.833657e2,8.969250e1
3.916667e0,-8.368529e-1,6.833136e2,9.007017e1
3.933333e0,-5.170176e0,6.832531e2,9.043355e1
3.950000e0,-9.656671e0,6.830835e2,9.080993e1
3.966667e0,-1.401433e1,6.831016e2,9.117530e1
3.983333e0,-1.858477e1,6.829584e2,9.155876e1
4.000000e0,-2.308681e1,6.827913e2,9.193657e1
4.016667e0,-2.742389e1,6.824330e2,9.230122e1
4.033333e0,-3.155300e1,6.822418e2,9.264799e1
4.050000e0,-3.599969e1,6.820140e2,9.302152e1
4.066667e0,-4.044442e1,6.815599e2,9.339600e1
4.083333e0,-4.459945e1,6.813250e2,9.374523e1
4.100000e0,-4.901180e1,6.810207e2,9.411637e1
4.116667e0,-5.336848e1,6.805290e2,9.448408e1
4.133333e0,-5.735649e1,6.800578e2,9.482095e1
4.150000e0,-6.178722e1,6.797983e2,9.519337e1
4.166667e0,-6.593506e1,6.792212e2,9.554459e1
4.183333e0,-7.002592e1,6.787016e2,9.589072e1
4.200000e0,-7.438995e1,6.780769e2,9.626073e1
4.216667e0,-7.844164e1,6.777297e2,9.660214e1
4.233333e0,-8.231888e1,6.771803e2,9.693094e1
4.250000e0,-8.662492e1,6.765905e2,9.729597e1
4.266667e0,-9.031107e1,6.759985e2,9.760946e1
4.283333e0,-9.414562e1,6.753558e2,9.793598e1
4.300000e0,-9.827428e1,6.747191e2,9.828698e1
4.316667e0,-1.019893e2,6.739885e2,9.860484e1
4.333333e0,-1.055653e2,6.734724e2,9.890850e1
4.350000e0,-1.086660e2,6.729575e2,9.917267e1
4.366667e0,-1.113747e2,6.724751e2,9.940391e1
4.383333e0,-1.138135e2,6.720059e2,9.961262e1
4.400000e0,-1.160483e2,6.717501e2,9.980140e1
4.416667e0,-1.179357e2,6.711997e2,9.996565e1
4.433333e0,-1.194261e2,6.710120e2,1.000918e2
4.450000e0,-1.206048e2,6.708286e2,1.001920e2
4.466667e0,-1.214283e2,6.707340e2,1.002616e2
4.483333e0,-1.220697e2,6.705580e2,1.003173e2
4.500000e0,-1.224249e2,6.703559e2,1.003497e2
4.516667e0,-1.222802e2,6.703527e2,1.003378e2
4.533333e0,-1.222021e2,6.703561e2,1.003313e2
4.550000e0,-1.215450e2,6.704598e2,1.002753e2
4.566667e0,-1.206513e2,6.705526e2,1.002000e2
4.583333e0,-1.195776e2,6.707983e2,1.001075e2
4.600000e0,-1.181148e2,6.710191e2,9.998310e1
4.616667e0,-1.163064e2,6.713262e2,9.982885e1
4.633333e0,-1.142036e2,6.716175e2,9.965041e1
4.650000e0,-1.118474e2,6.721351e2,9.944780e1
4.666667e0,-1.092773e2,6.726333e2,9.922776e1
4.683333e0,-1.061798e2,6.731970e2,9.896312e1
4.700000e0,-1.025677e2,6.737284e2,9.865618e1
4.716667e0,-9.875684e1,6.742822e2,9.833242e1
4.733333e0,-9.492822e1,6.749174e2,9.800622e1
4.750000e0,-9.094530e1,6.755750e2,9.766701e1
4.766667e0,-8.711141e1,6.761834e2,9.734087e1
4.783333e0,-8.335314e1,6.767351e2,9.702173e1
4.800000e0,-7.906087e1,6.772209e2,9.665875e1
4.816667e0,-7.503924e1,6.777129e2,9.631829e1
4.833333e0,-7.114380e1,6.781855e2,9.598860e1
4.850000e0,-6.694609e1,6.787031e2,9.563333e1
4.866667e0,-6.266448e1,6.791886e2,9.527140e1
4.883333e0,-5.845343e1,6.794882e2,9.491680e1
4.900000e0,-5.409875e1,6.799977e2,9.454871e1
4.916667e0,-4.990542e1,6.804135e2,9.419489e1
4.933333e0,-4.568646e1,6.808262e2,9.383905e1
4.950000e0,-4.117476e1,6.811859e2,9.345908e1
4.966667e0,-3.699390e1,6.814741e2,9.310726e1
4.983333e0,-3.275745e1,6.818783e2,9.275038e1
5.000000e0,-2.820881e1,6.822076e2,9.236779e1
5.016667e0,-2.379911e1,6.823615e2,9.199753e1
5.033333e0,-1.933023e1,6.825410e2,9.162224e1
5.050000e0,-1.485609e1,6.827610e2,9.124649e1
5.066667e0,-1.072580e1,6.827063e2,9.090008e1
5.083333e0,-6.226467e0,6.827831e2,9.052248e1
5.100000e0,-1.639144e0,6.828401e2,9.013754e1
5.116667e0,2.893680e0,6.829949e2,8.975725e1
5.133333e0,7.084836e0,6.830892e2,8.940576e1
5.150000e0,1.175123e1,6.831496e2,8.901452e1
5.166667e0,1.605362e1,6.833098e2,8.865415e1
5.183333e0,2.020902e1,6.832271e2,8.830576e1
5.200000e0,2.479901e1,6.831365e2,8.792098e1
5.216667e0,2.930634e1,6.830718e2,8.754330e1
5.233333e0,3.367922e1,6.829793e2,8.717691e1
5.250000e0,3.807282e1,6.828286e2,8.680863e1
5.266667e0,4.252601e1,6.827125e2,8.643566e1
5.283333e0,4.661002e1,6.823150e2,8.609211e1
5.300000e0,5.107136e1,6.821057e2,8.571808e1
5.316667e0,5.549607e1,6.818130e2,8.534668e1
5.333333e0,5.975369e1,6.816233e2,8.499004e1
5.350000e0,6.394282e1,6.812569e2,8.463792e1
5.366667e0,6.817796e1,6.808811e2,8.428192e1
5.383333e0,7.225219e1,6.804493e2,8.393887e1
5.400000e0,7.651272e1,6.801713e2,8.358176e1
5.416667e0,8.078254e1,6.796733e2,8.322191e1
5.433333e0,8.493249e1,6.791674e2,8.287195e1
5.450000e0,8.900667e1,6.786821e2,8.252851e1
5.466667e0,9.306170e1,6.781763e2,8.218647e1
5.483333e0,9.687867e1,6.775170e2,8.186240e1
5.500000e0,1.009077e2,6.770284e2,8.152276e1
5.516667e0,1.050656e2,6.764187e2,8.117101e1
5.533333e0,1.085191e2,6.758874e2,8.087856e1
5.550000e0,1.118684e2,6.754919e2,8.059658e1
5.566667e0,1.148770e2,6.750665e2,8.034241e1
5.583333e0,1.174314e2,6.745901e2,8.012501e1
5.600000e0,1.196217e2,6.741182e2,7.993766e1
5.616667e0,1.216424e2,6.739138e2,7.976820e1
5.633333e0,1.232055e2,6.737153e2,7.963657e1
5.650000e0,1.245620e2,6.733340e2,7.951917e1
5.666667e0,1.255911e2,6.731080e2,7.943106e1
5.683333e0,1.263574e2,6.730952e2,7.936784e1
5.700000e0,1.266857e2,6.731414e2,7.934156e1
5.716667e0,1.266822e2,6.731677e2,7.934226e1
5.733333e0,1.266797e2,6.731842e2,7.934272e1
5.750000e0,1.262878e2,6.732883e2,7.937654e1
5.766667e0,1.257075e2,6.733701e2,7.942551e1
5.783333e0,1.246174e2,6.734604e2,7.951654e1
5.800000e0,1.232561e2,6.737698e2,7.963322e1
5.816667e0,1.216535e2,6.739481e2,7.976779e1
5.833333e0,1.196487e2,6.742867e2,7.993789e1
5.850000e0,1.173758e2,6.747494e2,8.013188e1
5.866667e0,1.145649e2,6.751543e2,8.036939e1
5.883333e0,1.116783e2,6.755002e2,8.061239e1
5.900000e0,1.082271e2,6.759689e2,8.090376e1
5.916667e0,1.042844e2,6.765919e2,8.123785e1
5.933333e0,1.005875e2,6.771979e2,8.155135e1
5.950000e0,9.659690e1,6.776803e2,8.188768e1
5.966667e0,9.233689e1,6.781484e2,8.224627e1
5.983333e0,8.856692e1,6.786129e2,8.256426e1
6.000000e0,8.439260e1,6.791315e2,8.291642e1
6.016667e0,7.998529e1,6.794830e2,8.328633e1
6.033333e0,7.585790e1,6.799720e2,8.363439e1
6.050000e0,7.182861e1,6.804635e2,8.397427e1
6.066667e0,6.732253e1,6.808263e2,8.435275e1
6.083333e0,6.315450e1,6.812576e2,8.470366e1
6.100000e0,5.881843e1,6.814844e2,8.506707e1
6.116667e0,5.435851e1,6.819406e2,8.544250e1
6.133333e0,5.015906e1,6.822100e2,8.579493e1
6.150000e0,4.576632e1,6.824388e2,8.616332e1
6.166667e0,4.131819e1,6.826489e2,8.653633e1
6.183333e0,3.714663e1,6.829103e2,8.688649e1
6.200000e0,3.259538e1,6.830009e2,8.726770e1
6.216667e0,2.827013e1,6.831921e2,8.763048e1
6.233333e0,2.401147e1,6.833381e2,8.798754e1
6.250000e0,1.946481e1,6.833482e2,8.836840e1
6.266667e0,1.495326e1,6.833804e2,8.874649e1
6.283333e0,1.071411e1,6.834379e2,8.910186e1
6.300000e0,6.269504e0,6.833927e2,8.947438e1
6.316667e0,1.705560e0,6.833394e2,8.985699e1
6.333333e0,-2.452811e0,6.832935e2,9.020567e1
6.350000e0,-6.923539e0,6.832701e2,9.058056e1
6.366667e0,-1.152144e1,6.831668e2,9.096619e1
6.383333e0,-1.582908e1,6.830697e2,9.132750e1
6.400000e0,-2.041297e1,6.829737e2,9.171197e1
6.416667e0,-2.492005e1,6.827417e2,9.209037e1
6.433333e0,-2.920297e1,6.823830e2,9.245051e1
6.450000e0,-3.365365e1,6.821663e2,9.282431e1
6.466667e0,-3.803487e1,6.819291e2,9.319239e1
6.483333e0,-4.222486e1,6.815997e2,9.354492e1
6.500000e0,-4.660800e1,6.812345e2,9.391390e1
6.516667e0,-5.111277e1,6.809394e2,9.429269e1
6.533333e0,-5.521249e1,6.806140e2,9.463777e1
6.550000e0,-5.933967e1,6.800606e2,9.498680e1
6.566667e0,-6.390175e1,6.795234e2,9.537224e1
6.583333e0,-6.796955e1,6.792248e2,9.571452e1
6.600000e0,-7.218358e1,6.785991e2,9.607180e1
6.616667e0,-7.659057e1,6.780227e2,9.644491e1
6.633333e0,-8.032507e1,6.775148e2,9.676133e1
6.650000e0,-8.428043e1,6.770245e2,9.709605e1
6.666667e0,-8.848428e1,6.764410e2,9.745247e1
6.683333e0,-9.222689e1,6.757455e2,9.777181e1
6.700000e0,-9.619475e1,6.751510e2,9.810886e1
6.716667e0,-1.001869e2,6.745213e2,9.844840e1
6.733333e0,-1.038527e2,6.738724e2,9.876111e1
6.750000e0,-1.072998e2,6.734251e2,9.905309e1
6.766667e0,-1.102887e2,6.729529e2,9.930734e1
6.783333e0,-1.127720e2,6.724702e2,9.951981e1
6.800000e0,-1.149881e2,6.719467e2,9.971079e1
6.816667e0,-1.170489e2,6.716928e2,9.988508e1
6.833333e0,-1.188587e2,6.713581e2,1.000397e2
6.850000e0,-1.203177e2,6.710772e2,1.001646e2
6.866667e0,-1.212960e2,6.708615e2,1.002487e2
6.883333e0,-1.220732e2,6.708734e2,1.003128e2
6.900000e0,-1.225852e2,6.708898e2,1.003549e2
6.916667e0,-1.225631e2,6.709770e2,1.003517e2
6.933333e0,-1.224545e2,6.710318e2,1.003419e2
6.950000e0,-1.222971e2,6.711248e2,1.003275e2
6.966667e0,-1.219582e2,6.712022e2,1.002984e2
6.983333e0,-1.212827e2,6.712315e2,1.002421e2
7.000000e0,-1.202154e2,6.715089e2,1.001497e2
7.016667e0,-1.189076e2,6.717139e2,1.000386e2
7.033333e0,-1.172560e2,6.719171e2,9.989898e1
7.050000e0,-1.153060e2,6.723865e2,9.973087e1
7.066667e0,-1.128983e2,6.728497e2,9.952500e1
7.083333e0,-1.103597e2,6.732701e2,9.930891e1
7.100000e0,-1.073768e2,6.738298e2,9.905413e1
7.116667e0,-1.037528e2,6.744980e2,9.874482e1
7.133333e0,-1.000684e2,6.751191e2,9.843118e1
7.150000e0,-9.630965e1,6.756352e2,9.811268e1
7.166667e0,-9.229311e1,6.761471e2,9.777276e1
7.183333e0,-8.844074e1,6.767454e2,9.744553e1
7.200000e0,-8.447334e1,6.772148e2,9.711015e1
7.216667e0,-8.021758e1,6.777189e2,9.675036e1
7.233333e0,-7.621545e1,6.781833e2,9.641210e1
7.250000e0,-7.222172e1,6.786949e2,9.607414e1
7.266667e0,-6.784832e1,6.790875e2,9.570554e1
7.283333e0,-6.398741e1,6.795613e2,9.537910e1
7.300000e0,-5.977117e1,6.800498e2,9.502295e1
7.316667e0,-5.522086e1,6.804469e2,9.463960e1
7.333333e0,-5.119333e1,6.807422e2,9.430068e1
7.350000e0,-4.696143e1,6.810783e2,9.394439e1
7.366667e0,-4.248711e1,6.814523e2,9.356765e1
7.383333e0,-3.824677e1,6.816904e2,9.321126e1
7.400000e0,-3.407463e1,6.819365e2,9.286054e1
7.416667e0,-2.949028e1,6.822831e2,9.247495e1
7.433333e0,-2.498842e1,6.824979e2,9.209684e1
7.450000e0,-2.100780e1,6.826861e2,9.176257e1
7.466667e0,-1.680885e1,6.826588e2,9.141049e1
7.483333e0,-1.350357e1,6.828861e2,9.113283e1
7.500000e0,-1.052222e1,6.830160e2,9.088260e1
7.516667e0,-7.861418e0,6.831199e2,9.065934e1
7.533333e0,-5.530254e0,6.832089e2,9.046377e1
7.550000e0,-3.402075e0,6.832942e2,9.028527e1
7.566667e0,-1.739869e0,6.832839e2,9.014589e1
7.583333e0,-4.242078e-1,6.833056e2,9.003557e1
7.600000e0,5.988442e-1,6.833063e2,8.994979e1
7.616667e0,1.039403e0,6.833154e2,8.991285e1
7.633333e0,1.251205e0,6.833034e2,8.989509e1
7.650000e0,1.392444e0,6.833006e2,8.988324e1
7.666667e0,1.126656e0,6.833058e2,8.990553e1
7.683333e0,8.101925e-1,6.832977e2,8.993206e1
7.700000e0,7.887840e-1,6.832980e2,8.993386e1
7.716667e0,9.264132e-1,6.833004e2,8.992232e1
7.733333e0,7.313859e-1,6.832926e2,8.993867e1
7.750000e0,7.290368e-1,6.832907e2,8.993887e1
7.766667e0,7.251973e-1,6.832918e2,8.993919e1
7.783333e0,7.208517e-1,6.832933e2,8.993955e1
7.800000e0,7.193675e-1,6.832943e2,8.993968e1
7.816667e0,7.202085e-1,6.832957e2,8.993961e1
7.833333e0,7.205209e-1,6.832964e2,8.993958e1
7.850000e0,7.285661e-1,6.833018e2,8.993891e1
7.866667e0,7.296272e-1,6.833017e2,8.993882e1
7.883333e0,7.283365e-1,6.833004e2,8.993893e1
7.900000e0,7.281681e-1,6.832996e2,8.993894e1
7.916667e0,7.233766e-1,6.832991e2,8.993934e1
7.933333e0,7.184325e-1,6.832981e2,8.993976e1
7.950000e0,7.141563e-1,6.832969e2,8.994012e1
7.966667e0,7.130086e-1,6.832967e2,8.994021e1
7.983333e0,7.205086e-1,6.832967e2,8.993958e1
8.000000e0,7.219750e-1,6.832970e2,8.993946e1
8.016667e0,7.265227e-1,6.832975e2,8.993908e1
8.033333e0,7.283252e-1,6.832946e2,8.993893e1
8.050000e0,7.239352e-1,6.832929e2,8.993930e1
8.066667e0,7.232661e-1,6.832912e2,8.993935e1
8.083333e0,7.227006e-1,6.832920e2,8.993940e1
8.100000e0,7.227174e-1,6.832928e2,8.993940e1
8.116667e0,7.221463e-1,6.832934e2,8.993945e1
8.133333e0,7.225209e-1,6.832936e2,8.993941e1
8.150000e0,7.221650e-1,6.832937e2,8.993944e1
8.166667e0,7.226376e-1,6.832930e2,8.993941e1
8.183333e0,7.230562e-1,6.832886e2,8.993937e1
8.200000e0,7.247538e-1,6.832854e2,8.993923e1
8.216667e0,7.259501e-1,6.832814e2,8.993913e1
8.233333e0,7.276324e-1,6.832781e2,8.993898e1
8.250000e0,7.236651e-1,6.832790e2,8.993932e1
8.266667e0,7.208316e-1,6.832792e2,8.993956e1
8.283333e0,7.201554e-1,6.832800e2,8.993961e1
8.300000e0,7.186018e-1,6.832814e2,8.993974e1
8.316667e0,7.149523e-1,6.833394e2,8.994005e1
8.333333e0,7.169471e-1,6.833288e2,8.993989e1
8.350000e0,7.162956e-1,6.832987e2,8.993994e1
8.366667e0,7.158627e-1,6.832836e2,8.993997e1
8.383333e0,7.282040e-1,6.832960e2,8.993894e1
8.400000e0,7.142890e-1,6.832841e2,8.994010e1
8.416667e0,7.218548e-1,6.832911e2,8.993947e1
8.433333e0,7.272232e-1,6.832962e2,8.993902e1
8.450000e0,7.277871e-1,6.832981e2,8.993897e1
8.466667e0,7.263234e-1,6.832972e2,8.993910e1
8.483333e0,7.260578e-1,6.832997e2,8.993912e1
8.500000e0,7.265150e-1,6.833018e2,8.993908e1
8.516667e0,7.240430e-1,6.832976e2,8.993929e1
8.533333e0,7.237139e-1,6.832963e2,8.993932e1
8.550000e0,7.233989e-1,6.832960e2,8.993934e1
8.566667e0,7.231014e-1,6.832958e2,8.993937e1
8.583333e0,7.241381e-1,6.833000e2,8.993928e1
8.600000e0,7.263242e-1,6.833044e2,8.993910e1
8.616667e0,7.286625e-1,6.833108e2,8.993890e1
8.633333e0,7.282750e-1,6.833092e2,8.993893e1
8.650000e0,7.275277e-1,6.833074e2,8.993900e1
8.666667e0,7.269109e-1,6.833066e2,8.993905e1
8.683333e0,7.271319e-1,6.833076e2,8.993903e1
8.700000e0,7.269986e-1,6.833089e2,8.993904e1
8.716667e0,7.281716e-1,6.833096e2,8.993894e1
8.733333e0,7.275151e-1,6.833087e2,8.993900e1
8.750000e0,7.272869e-1,6.833083e2,8.993902e1
8.766667e0,7.272078e-1,6.833081e2,8.993902e1
8.783333e0,7.234183e-1,6.833077e2,8.993934e1
8.800000e0,7.240791e-1,6.833077e2,8.993929e1
8.816667e0,7.243591e-1,6.833073e2,8.993926e1
8.833333e0,7.246539e-1,6.833070e2,8.993924e1
8.850000e0,7.248282e-1,6.833068e2,8.993922e1
8.866667e0,7.249206e-1,6.833067e2,8.993921e1
8.883333e0,7.085341e-1,6.832369e2,8.994058e1
8.900000e0,7.120954e-1,6.832464e2,8.994029e1
8.916667e0,7.159829e-1,6.832542e2,8.993996e1
8.933333e0,7.189048e-1,6.832598e2,8.993972e1
8.950000e0,7.189170e-1,6.832641e2,8.993971e1
8.966667e0,7.181231e-1,6.832668e2,8.993978e1
8.983333e0,7.271079e-1,6.832904e2,8.993903e1
9.000000e0,7.351465e-1,6.833094e2,8.993836e1
9.016667e0,7.323421e-1,6.833007e2,8.993859e1
9.033333e0,7.169825e-1,6.832508e2,8.993988e1
9.050000e0,7.198145e-1,6.832569e2,8.993964e1
9.066667e0,7.203559e-1,6.832591e2,8.993959e1
9.083333e0,7.195996e-1,6.832619e2,8.993966e1
9.100000e0,7.181720e-1,6.832628e2,8.993978e1
9.116667e0,7.178820e-1,6.832637e2,8.993980e1
9.133333e0,7.179764e-1,6.832642e2,8.993979e1
9.150000e0,7.204252e-1,6.832723e2,8.993959e1
9.166667e0,7.196972e-1,6.832646e2,8.993965e1
9.183333e0,7.199910e-1,6.832658e2,8.993962e1
9.200000e0,7.200379e-1,6.832658e2,8.993962e1
9.216667e0,7.251666e-1,6.833080e2,8.993919e1
9.233333e0,7.247104e-1,6.833011e2,8.993923e1
9.250000e0,7.239603e-1,6.833240e2,8.993930e1
9.266667e0,7.241121e-1,6.833392e2,8.993929e1
9.283333e0,7.261872e-1,6.833436e2,8.993911e1
9.300000e0,7.273439e-1,6.833506e2,8.993902e1
9.316667e0,7.279826e-1,6.833267e2,8.993896e1
9.333333e0,7.265077e-1,6.833215e2,8.993908e1
9.350000e0,7.240723e-1,6.833318e2,8.993929e1
9.366667e0,7.234583e-1,6.833257e2,8.993934e1
9.383333e0,7.209046e-1,6.833187e2,8.993955e1
9.400000e0,7.094850e-1,6.832664e2,8.994051e1
9.416667e0,7.016619e-1,6.832209e2,8.994116e1
9.433333e0,7.035808e-1,6.832274e2,8.994100e1
9.450000e0,7.083522e-1,6.832418e2,8.994060e1
9.466667e0,7.123342e-1,6.832538e2,8.994027e1
9.483333e0,7.085601e-1,6.833323e2,8.994059e1
9.500000e0,7.113157e-1,6.832656e2,8.994035e1
9.516667e0,7.080429e-1,6.833250e2,8.994063e1
9.533333e0,7.057335e-1,6.833705e2,8.994083e1
9.550000e0,7.091915e-1,6.833412e2,8.994054e1
9.566667e0,7.104727e-1,6.833219e2,8.994043e1
9.583333e0,7.136660e-1,6.833191e2,8.994016e1
9.600000e0,7.166061e-1,6.833160e2,8.993991e1
9.616667e0,7.156954e-1,6.833138e2,8.993999e1
9.633333e0,7.208458e-1,6.833133e2,8.993956e1
9.650000e0,7.235619e-1,6.833156e2,8.993933e1
9.666667e0,7.208752e-1,6.832969e2,8.993955e1
9.683333e0,7.203145e-1,6.832759e2,8.993960e1
9.700000e0,7.214880e-1,6.832798e2,8.993950e1
9.716667e0,7.163815e-1,6.832806e2,8.993993e1
9.733333e0,7.149031e-1,6.832784e2,8.994005e1
9.750000e0,7.252060e-1,6.832717e2,8.993919e1
9.766667e0,7.266866e-1,6.832763e2,8.993906e1
9.783333e0,7.039194e-1,6.832546e2,8.994097e1
9.800000e0,6.847024e-1,6.832368e2,8.994258e1
9.816667e0,6.870142e-1,6.832241e2,8.994239e1
9.833333e0,6.899162e-1,6.832444e2,8.994214e1
9.850000e0,6.933453e-1,6.832494e2,8.994186e1
9.866667e0,6.966561e-1,6.832540e2,8.994158e1
9.883333e0,6.994740e-1,6.832577e2,8.994134e1
9.900000e0,7.011723e-1,6.832603e2,8.994120e1
9.916667e0,6.911088e-1,6.832747e2,8.994205e1
9.933333e0,6.968501e-1,6.832732e2,8.994157e1
9.950000e0,6.933500e-1,6.832758e2,8.994186e1
9.966667e0,6.926903e-1,6.832774e2,8.994191e1
9.983333e0,6.907641e-1,6.832819e2,8.994208e1
1.000000e1,6.914801e-1,6.832818e2,8.994202e1
1.001667e1,6.852228e-1,6.832988e2,8.994254e1
1.003333e1,6.851825e-1,6.833039e2,8.994255e1
1.005000e1,6.867755e-1,6.833026e2,8.994241e1
1.006667e1,6.886441e-1,6.833012e2,8.994226e1
1.008333e1,6.742996e-1,6.833268e2,8.994346e1
1.010000e1,6.650884e-1,6.833448e2,8.994423e1
1.011667e1,6.690107e-1,6.833393e2,8.994391e1
1.013333e1,6.736605e-1,6.833334e2,8.994352e1
1.015000e1,6.452722e-1,6.833417e2,8.994590e1
1.016667e1,6.420490e-1,6.833421e2,8.994617e1
1.018333e1,6.828327e-1,6.833365e2,8.994275e1
1.020000e1,6.013957e-1,6.833555e2,8.994958e1
1.021667e1,6.272913e-1,6.833506e2,8.994740e1
1.023333e1,6.523577e-1,6.834016e2,8.994531e1
1.025000e1,7.983119e-1,6.833617e2,8.993307e1
1.026667e1,6.577612e-1,6.834129e2,8.994485e1
1.028333e1,6.780260e-1,6.833391e2,8.994315e1
1.030000e1,6.818872e-1,6.833425e2,8.994283e1
